r1:d73ffff7 0 0 0 0 0 - 18 1 0 20 1 192 0 0 0 0 0 0 0 ff 0 0 0 0 100
r2:d7300200 - - - 0 0 - 18 1 0 0 0 0 0 0 0 0 0 80 0 ff 0 3 0 0 0
r3:d7300600 - - - 18 0 - 18 1 0 0 0 0 0 0 0 0 0 80 0 ff 0 3 0 0 0
r4:f7300600 12 0 0 18 18 - 18 1 0 0 0 0 0 0 è 1 40 40 0 ff 0 0 0 0 0
r5:d7300620 - - - 0 0 - 18 1 0 0 0 0 0 1 0 0 0 80 0 1df 0 3 0 0 0
r6:c7300220 - - - 0 0 - - 0 0 0 0 0 0 1 0 0 0 40 1
r7:cfb00200 0 0 0 0 0 - - 0 0 0 0 0 0 0 0 0 40 40 1 3 1 1
r8:26 0 0 0 - - - - 0 0 0 0 224 4 1 0 0 0 0 0
r9:26 0 0 0 - - - - 0 0 0 0 288 4 1 0 0 0 0 0
r10:6 0 0 0 - - - - 0 0 0 0 224 4 0 0 0 0 0 0
r11:0 - - - - - - - 0 0 0 0 0 0 0 0 0 0 0 0
r12:8 - - - - - - - 0 0 0 0 0 0 0 0 0 0 0 0
r13:d73ffff7 0 0 0 0 0 - 18 1 0 20 1 192 0 0 0 0 0 0 0 ff 0 0 0 0 0
r18:d771fff7 - - - 0 0 - 0 1 0 10 1 192 0 0 0 0 40 0 0 0 0 0 0 0 1
r19:d3300200 - - - 0 0 10 0 1 0 0 1 160 0 0 0 0 0 0 0 0 0 0 0 0 0
r33:d73ffff7 0 0 0 0 0 - 36 1 0 0 1 160 0 0 0 0 0 0 0 ff 0 0 0 0 100
r34:d7300200 - - - 0 0 - 36 1 0 0 0 0 0 0 0 0 0 80 0 ff 0 3 0 0 0
r36:f7300600 12 0 0 0 0 - 18 1 0 0 0 0 0 0 è 1 0 0 0 ff 0 0 0 0 0
r40:0 0 0 0 - - - - 0 0 0 0 0 0 0 0 0 0 0 0
r45:d73ffff7 0 0 0 0 0 - 18 1 0 0 1 160 0 0 0 0 0 0 0 ff 0 0 0 0 0

