unsigned char bittab_back[96] = {
95, 71, 20, 21, 92, 11, 94, 93, 84, 63, 46, 19, 61, 86, 69, 62,
33, 53, 91, 48, 88, 14, 24,  2, 38, 28, 72, 36, 89, 12, 31,  8,
 1, 32, 29, 23, 56, 81, 64, 60, 34, 50, 16, 13, 43, 51, 79, 78,
35,  7, 77, 22, 70, 67, 66,  3, 37, 54, 42, 73, 58, 45, 80, 15,
59, 41,  6, 30, 82, 74, 40, 26,  5, 25, 57, 47, 87, 18, 44, 75,
10, 52, 17, 90, 39, 65, 85, 83,  4, 76, 55, 27,  0, 68, 49,  9 };
int ascii_decode[128] = {
 -1,  -1,  -1,  -1,  -1,  -1,  -1,  -1,  -1,  -1,  -1,  -1,  -1,  -1,  -1,  -1,
 -1,  -1,  -1,  -1,  -1,  -1,  -1,  -1,  -1,  -1,  -1,  -1,  -1,  -1,  -1,  -1,
 -1,  -1,  -1,  -1,  -1,  62,  63,  -1,  -1,  -1,  -1,  -1,  -1,  -1,  -1,  -1,
  0,   1,   2,   3,   4,   5,   6,   7,   8,   9,  -1,  -1,  -1,  -1,  -1,  -1,
 -1,  36,  37,  38,  39,  40,  41,  42,  43,  44,  45,  46,  47,  48,  49,  50,
 51,  52,  53,  54,  55,  56,  57,  58,  59,  60,  61,  -1,  -1,  -1,  -1,  -1,
 -1,  10,  11,  12,  13,  14,  15,  16,  17,  18,  19,  20,  21,  22,  23,  24,
 25,  26,  27,  28,  29,  30,  31,  32,  33,  34,  35,  -1,  -1,  -1,  -1,  -1 };
