// the tables part two

#include "tables.h"


////////////////////////////////////////////////////////////////////////////
// the absthr_X tables (part one)
//     used by read_absthr in psy.c

//FHBLK tables_absthr_0 = {
float tables_absthr_0_float[HBLKSIZE] = {
    10156347392.000000,
    33708348.000000,
    3987838.750000,
    1269806.875000,
    614805.187500,
    372166.750000,
    256884.328125,
    192636.062500,
    153016.265625,
    126980.656250,
    108576.953125,
    95003.046875,
    84671.562500,
    76513.406250,
    70103.156250,
    64824.269531,
    60358.378906,
    56720.179687,
    53424.140625,
    50668.449219,
    48276.699219,
    46103.890625,
    44232.101562,
    42534.128906,
    40995.628906,
    39603.859375,
    38347.550781,
    37131.078125,
    36036.078125,
    35054.000000,
    34098.679687,
    33169.398437,
    32339.820312,
    31530.990234,
    30742.390625,
    29973.509766,
    29291.230469,
    28624.480469,
    27972.910156,
    27336.160156,
    26652.480469,
    26045.789062,
    25452.919922,
    24873.539062,
    24307.349609,
    23754.039062,
    23159.949219,
    22632.759766,
    21514.810547,
    21514.810547,
    20452.080078,
    20452.080078,
    19397.130859,
    19397.130859,
    18354.289062,
    18354.289062,
    17327.570312,
    17327.570312,
    16320.660156,
    16320.660156,
    15336.900391,
    15336.900391,
    14412.440430,
    14412.440430,
    13481.480469,
    13481.480469,
    12610.650391,
    12610.650391,
    11796.080078,
    11796.080078,
    10983.419922,
    10983.419922,
    10250.320312,
    10250.320312,
    9544.160156,
    9544.160156,
    8907.129883,
    8907.129883,
    8312.610352,
    8312.610352,
    7775.669922,
    7775.669922,
    7273.399902,
    7273.399902,
    6834.990234,
    6834.990234,
    6452.640137,
    6452.640137,
    6105.729980,
    6105.729980,
    5804.140137,
    5804.140137,
    5542.910156,
    5542.910156,
    5330.129883,
    5330.129883,
    5031.959961,
    5031.959961,
    5031.959961,
    5031.959961,
    4872.339844,
    4872.339844,
    4872.339844,
    4872.339844,
    4861.129883,
    4861.129883,
    4861.129883,
    4861.129883,
    4985.830078,
    4985.830078,
    4985.830078,
    4985.830078,
    5257.000000,
    5257.000000,
    5257.000000,
    5257.000000,
    5685.089844,
    5685.089844,
    5685.089844,
    5685.089844,
    6262.350098,
    6262.350098,
    6262.350098,
    6262.350098,
    6994.189941,
    6994.189941,
    6994.189941,
    6994.189941,
    7902.009766,
    7902.009766,
    7902.009766,
    7902.009766,
    8968.870117,
    8968.870117,
    8968.870117,
    8968.870117,
    10156.349609,
    10156.349609,
    10156.349609,
    10156.349609,
    11474.599609,
    11474.599609,
    11474.599609,
    11474.599609,
    12874.709961,
    12874.709961,
    12874.709961,
    12874.709961,
    14280.309570,
    14280.309570,
    14280.309570,
    14280.309570,
    15694.139648,
    15694.139648,
    15694.139648,
    15694.139648,
    17050.519531,
    17050.519531,
    17050.519531,
    17050.519531,
    18312.080078,
    18312.080078,
    18312.080078,
    18312.080078,
    19486.669922,
    19486.669922,
    19486.669922,
    19486.669922,
    20546.490234,
    20546.490234,
    20546.490234,
    20546.490234,
    21514.810547,
    21514.810547,
    21514.810547,
    21514.810547,
    22373.689453,
    22373.689453,
    22373.689453,
    22373.689453,
    23159.949219,
    23159.949219,
    23159.949219,
    23159.949219,
    23918.699219,
    23918.699219,
    23918.699219,
    23918.699219,
    24645.500000,
    24645.500000,
    24645.500000,
    24645.500000,
    26105.830078,
    26105.830078,
    26105.830078,
    26105.830078,
    26105.830078,
    26105.830078,
    26105.830078,
    26105.830078,
    27716.449219,
    27716.449219,
    27716.449219,
    27716.449219,
    27716.449219,
    27716.449219,
    27716.449219,
    27716.449219,
    29494.259766,
    29494.259766,
    29494.259766,
    29494.259766,
    29494.259766,
    29494.259766,
    29494.259766,
    29494.259766,
    31676.529297,
    31676.529297,
    31676.529297,
    31676.529297,
    31676.529297,
    31676.529297,
    31676.529297,
    31676.529297,
    34256.070312,
    34256.070312,
    34256.070312,
    34256.070312,
    34256.070312,
    34256.070312,
    34256.070312,
    34256.070312,
    37388.460937,
    37388.460937,
    37388.460937,
    37388.460937,
    37388.460937,
    37388.460937,
    37388.460937,
    37388.460937,
    41184.859375,
    41184.859375,
    41184.859375,
    41184.859375,
    41184.859375,
    41184.859375,
    41184.859375,
    41184.859375,
    45997.859375,
    45997.859375,
    45997.859375,
    45997.859375,
    45997.859375,
    45997.859375,
    45997.859375,
    45997.859375,
    51848.660156,
    51848.660156,
    51848.660156,
    51848.660156,
    51848.660156,
    51848.660156,
    51848.660156,
    51848.660156,
    59120.429687,
    59120.429687,
    59120.429687,
    59120.429687,
    59120.429687,
    59120.429687,
    59120.429687,
    59120.429687,
    68192.648437,
    68192.648437,
    68192.648437,
    68192.648437,
    68192.648437,
    68192.648437,
    68192.648437,
    68192.648437,
    79935.109375,
    79935.109375,
    79935.109375,
    79935.109375,
    79935.109375,
    79935.109375,
    79935.109375,
    79935.109375,
    94784.546875,
    94784.546875,
    94784.546875,
    94784.546875,
    94784.546875,
    94784.546875,
    94784.546875,
    94784.546875,
    114482.101562,
    114482.101562,
    114482.101562,
    114482.101562,
    114482.101562,
    114482.101562,
    114482.101562,
    114482.101562,
    140196.640625,
    140196.640625,
    140196.640625,
    140196.640625,
    140196.640625,
    140196.640625,
    140196.640625,
    140196.640625,
    174476.750000,
    174476.750000,
    174476.750000,
    174476.750000,
    174476.750000,
    174476.750000,
    174476.750000,
    174476.750000,
    220667.109375,
    220667.109375,
    220667.109375,
    220667.109375,
    220667.109375,
    220667.109375,
    220667.109375,
    220667.109375,
    284929.625000,
    284929.625000,
    284929.625000,
    284929.625000,
    284929.625000,
    284929.625000,
    284929.625000,
    284929.625000,
    374746.468750,
    374746.468750,
    374746.468750,
    374746.468750,
    374746.468750,
    374746.468750,
    374746.468750,
    374746.468750,
    503196.500000,
    503196.500000,
    503196.500000,
    503196.500000,
    503196.500000,
    503196.500000,
    503196.500000,
    503196.500000,
    688236.437500,
    688236.437500,
    688236.437500,
    688236.437500,
    688236.437500,
    688236.437500,
    688236.437500,
    688236.437500,
    965467.375000,
    965467.375000,
    965467.375000,
    965467.375000,
    965467.375000,
    965467.375000,
    965467.375000,
    965467.375000,
    1382730.500000,
    1382730.500000,
    1382730.500000,
    1382730.500000,
    1382730.500000,
    1382730.500000,
    1382730.500000,
    1382730.500000,
    2026457.625000,
    2026457.625000,
    2026457.625000,
    2026457.625000,
    2026457.625000,
    2026457.625000,
    2026457.625000,
    2026457.625000,
    3053076.000000,
    3053076.000000,
    3053076.000000,
    3053076.000000,
    3053076.000000,
    3053076.000000,
    3053076.000000,
    3053076.000000,
    4717778.500000,
    4717778.500000,
    4717778.500000,
    4717778.500000,
    4717778.500000,
    4717778.500000,
    4717778.500000,
    4717778.500000,
    7477175.000000,
    7477175.000000,
    7477175.000000,
    7477175.000000,
    7477175.000000,
    7477175.000000,
    7477175.000000,
    7477175.000000,
    12210618.000000,
    12210618.000000,
    12210618.000000,
    12210618.000000,
    12210618.000000,
    12210618.000000,
    12210618.000000,
    12210618.000000,
    20499234.000000,
    20499234.000000,
    20499234.000000,
    20499234.000000,
    20499234.000000,
    20499234.000000,
    20499234.000000,
    20499234.000000,
    35541636.000000,
    35541636.000000,
    35541636.000000,
    35541636.000000,
    35541636.000000,
    35541636.000000,
    35541636.000000,
    35541636.000000,
    63494696.000000,
    63494696.000000,
    63494696.000000,
    63494696.000000,
    63494696.000000,
    63494696.000000,
    63494696.000000,
    63494696.000000,
    117418800.000000,
    117418800.000000,
    117418800.000000,
    117418800.000000,
    117418800.000000,
    117418800.000000,
    117418800.000000,
    117418800.000000,
    224252560.000000,
    224252560.000000,
    224252560.000000,
    224252560.000000,
    224252560.000000,
    224252560.000000,
    224252560.000000,
    224252560.000000,
    443340800.000000,
    443340800.000000,
    443340800.000000,
    443340800.000000,
    443340800.000000,
    443340800.000000,
    443340800.000000,
    443340800.000000,
    911459584.000000,
    911459584.000000,
    911459584.000000,
    911459584.000000,
    911459584.000000,
    911459584.000000,
    911459584.000000,
    911459584.000000,
    1935251712.000000,
    1935251712.000000,
    1935251712.000000,
    1935251712.000000,
    1935251712.000000,
    1935251712.000000,
    1935251712.000000,
    1935251712.000000,
    60776765194240.000000,
    60776765194240.000000,
    60776765194240.000000,
    60776765194240.000000,
    60776765194240.000000,
    60776765194240.000000,
    60776765194240.000000,
    60776765194240.000000,
    60776765194240.000000,
    60776765194240.000000,
    60776765194240.000000,
    60776765194240.000000,
    60776765194240.000000,
    60776765194240.000000,
    60776765194240.000000,
    60776765194240.000000,
    60776765194240.000000,
    60776765194240.000000,
    60776765194240.000000,
    60776765194240.000000,
    60776765194240.000000,
    60776765194240.000000,
    60776765194240.000000,
    60776765194240.000000,
    60776765194240.000000,
    60776765194240.000000,
    60776765194240.000000,
    60776765194240.000000,
    60776765194240.000000,
    60776765194240.000000,
    60776765194240.000000,
    60776765194240.000000,
    60776765194240.000000
};
FLOAT *tables_absthr_0 = (FLOAT*) tables_absthr_0_float;
