// the tables part two

#include "tables.h"

////////////////////////////////////////////////////////////////////////////
// the absthr_X tables (part three)
//     used by read_absthr in psy.c

//FHBLK tables_absthr_2 = {
float tables_absthr_2_float[HBLKSIZE] = {
    247592464.000000,
    3987838.750000,
    852584.687500,
    372166.750000,
    220667.109375,
    153016.265625,
    116879.296875,
    95003.046875,
    80489.187500,
    70103.156250,
    62479.500000,
    56720.179687,
    52087.988281,
    48276.699219,
    45158.300781,
    42534.128906,
    40247.378906,
    38347.550781,
    36537.390625,
    35054.000000,
    33630.828125,
    32339.820312,
    31098.369141,
    29973.509766,
    28955.929687,
    27972.910156,
    26961.099609,
    26045.789062,
    25161.560547,
    24307.349609,
    23428.130859,
    22632.759766,
    21814.109375,
    20976.720703,
    20171.470703,
    19397.130859,
    18609.619141,
    17813.019531,
    17089.820312,
    16320.660156,
    15586.099609,
    14884.610352,
    14182.000000,
    13481.480469,
    12845.099609,
    12210.620117,
    11580.769531,
    10983.419922,
    9902.330078,
    9902.330078,
    8907.129883,
    8907.129883,
    8030.410156,
    8030.410156,
    7273.399902,
    7273.399902,
    6633.419922,
    6633.419922,
    6105.729980,
    6105.729980,
    5672.020020,
    5672.020020,
    5330.129883,
    5330.129883,
    5090.229980,
    5090.229980,
    4928.759766,
    4928.759766,
    4849.950195,
    4849.950195,
    4861.129883,
    4861.129883,
    4940.120117,
    4940.120117,
    5101.970215,
    5101.970215,
    5354.729980,
    5354.729980,
    5685.089844,
    5685.089844,
    6091.689941,
    6091.689941,
    6602.939941,
    6602.939941,
    7206.720215,
    7206.720215,
    7902.009766,
    7902.009766,
    8684.360352,
    8684.360352,
    9544.160156,
    9544.160156,
    10489.080078,
    10489.080078,
    11474.599609,
    11474.599609,
    13574.929687,
    13574.929687,
    13574.929687,
    13574.929687,
    15694.139648,
    15694.139648,
    15694.139648,
    15694.139648,
    17690.400391,
    17690.400391,
    17690.400391,
    17690.400391,
    19486.669922,
    19486.669922,
    19486.669922,
    19486.669922,
    21025.080078,
    21025.080078,
    21025.080078,
    21025.080078,
    22373.689453,
    22373.689453,
    22373.689453,
    22373.689453,
    23536.269531,
    23536.269531,
    23536.269531,
    23536.269531,
    24645.500000,
    24645.500000,
    24645.500000,
    24645.500000,
    25747.650391,
    25747.650391,
    25747.650391,
    25747.650391,
    26899.089844,
    26899.089844,
    26899.089844,
    26899.089844,
    28102.019531,
    28102.019531,
    28102.019531,
    28102.019531,
    29494.259766,
    29494.259766,
    29494.259766,
    29494.259766,
    31098.369141,
    31098.369141,
    31098.369141,
    31098.369141,
    32865.300781,
    32865.300781,
    32865.300781,
    32865.300781,
    34973.378906,
    34973.378906,
    34973.378906,
    34973.378906,
    37388.460937,
    37388.460937,
    37388.460937,
    37388.460937,
    40154.808594,
    40154.808594,
    40154.808594,
    40154.808594,
    43424.769531,
    43424.769531,
    43424.769531,
    43424.769531,
    47286.539062,
    47286.539062,
    47286.539062,
    47286.539062,
    51848.660156,
    51848.660156,
    51848.660156,
    51848.660156,
    57113.339844,
    57113.339844,
    57113.339844,
    57113.339844,
    63348.679687,
    63348.679687,
    63348.679687,
    63348.679687,
    70914.906250,
    70914.906250,
    70914.906250,
    70914.906250,
    79935.109375,
    79935.109375,
    79935.109375,
    79935.109375,
    103929.203125,
    103929.203125,
    103929.203125,
    103929.203125,
    103929.203125,
    103929.203125,
    103929.203125,
    103929.203125,
    140196.640625,
    140196.640625,
    140196.640625,
    140196.640625,
    140196.640625,
    140196.640625,
    140196.640625,
    140196.640625,
    195766.140625,
    195766.140625,
    195766.140625,
    195766.140625,
    195766.140625,
    195766.140625,
    195766.140625,
    195766.140625,
    284929.625000,
    284929.625000,
    284929.625000,
    284929.625000,
    284929.625000,
    284929.625000,
    284929.625000,
    284929.625000,
    433249.000000,
    433249.000000,
    433249.000000,
    433249.000000,
    433249.000000,
    433249.000000,
    433249.000000,
    433249.000000,
    688236.437500,
    688236.437500,
    688236.437500,
    688236.437500,
    688236.437500,
    688236.437500,
    688236.437500,
    688236.437500,
    1150105.375000,
    1150105.375000,
    1150105.375000,
    1150105.375000,
    1150105.375000,
    1150105.375000,
    1150105.375000,
    1150105.375000,
    2026457.625000,
    2026457.625000,
    2026457.625000,
    2026457.625000,
    2026457.625000,
    2026457.625000,
    2026457.625000,
    2026457.625000,
    3782140.250000,
    3782140.250000,
    3782140.250000,
    3782140.250000,
    3782140.250000,
    3782140.250000,
    3782140.250000,
    3782140.250000,
    7477175.000000,
    7477175.000000,
    7477175.000000,
    7477175.000000,
    7477175.000000,
    7477175.000000,
    7477175.000000,
    7477175.000000,
    15766581.000000,
    15766581.000000,
    15766581.000000,
    15766581.000000,
    15766581.000000,
    15766581.000000,
    15766581.000000,
    15766581.000000,
    35541636.000000,
    35541636.000000,
    35541636.000000,
    35541636.000000,
    35541636.000000,
    35541636.000000,
    35541636.000000,
    35541636.000000,
    86047336.000000,
    86047336.000000,
    86047336.000000,
    86047336.000000,
    86047336.000000,
    86047336.000000,
    86047336.000000,
    86047336.000000,
    224252560.000000,
    224252560.000000,
    224252560.000000,
    224252560.000000,
    224252560.000000,
    224252560.000000,
    224252560.000000,
    224252560.000000,
    632029568.000000,
    632029568.000000,
    632029568.000000,
    632029568.000000,
    632029568.000000,
    632029568.000000,
    632029568.000000,
    632029568.000000,
    1939713920.000000,
    1939713920.000000,
    1939713920.000000,
    1939713920.000000,
    1939713920.000000,
    1939713920.000000,
    1939713920.000000,
    1939713920.000000,
    6497371136.000000,
    6497371136.000000,
    6497371136.000000,
    6497371136.000000,
    6497371136.000000,
    6497371136.000000,
    6497371136.000000,
    6497371136.000000,
    23863681024.000000,
    23863681024.000000,
    23863681024.000000,
    23863681024.000000,
    96324681728.000000,
    96324681728.000000,
    96324681728.000000,
    96324681728.000000,
    96324681728.000000,
    96324681728.000000,
    96324681728.000000,
    96324681728.000000,
    96324681728.000000,
    96324681728.000000,
    96324681728.000000,
    96324681728.000000,
    96324681728.000000,
    96324681728.000000,
    96324681728.000000,
    96324681728.000000,
    96324681728.000000,
    96324681728.000000,
    96324681728.000000,
    96324681728.000000,
    96324681728.000000,
    96324681728.000000,
    96324681728.000000,
    96324681728.000000,
    96324681728.000000,
    96324681728.000000,
    96324681728.000000,
    96324681728.000000,
    96324681728.000000,
    96324681728.000000,
    96324681728.000000,
    96324681728.000000,
    96324681728.000000,
    96324681728.000000,
    96324681728.000000,
    96324681728.000000,
    96324681728.000000,
    96324681728.000000,
    96324681728.000000,
    96324681728.000000,
    96324681728.000000,
    96324681728.000000,
    96324681728.000000,
    96324681728.000000,
    96324681728.000000,
    96324681728.000000,
    96324681728.000000,
    96324681728.000000,
    96324681728.000000,
    96324681728.000000,
    96324681728.000000,
    96324681728.000000,
    96324681728.000000,
    96324681728.000000,
    96324681728.000000,
    96324681728.000000,
    96324681728.000000,
    96324681728.000000,
    96324681728.000000,
    96324681728.000000,
    96324681728.000000,
    96324681728.000000,
    96324681728.000000,
    96324681728.000000,
    96324681728.000000,
    96324681728.000000,
    96324681728.000000,
    96324681728.000000,
    96324681728.000000,
    96324681728.000000,
    96324681728.000000,
    96324681728.000000,
    96324681728.000000,
    96324681728.000000,
    96324681728.000000,
    96324681728.000000,
    96324681728.000000,
    96324681728.000000,
    96324681728.000000,
    96324681728.000000,
    96324681728.000000,
    96324681728.000000,
    96324681728.000000,
    96324681728.000000,
    96324681728.000000,
    96324681728.000000,
    96324681728.000000,
    96324681728.000000,
    96324681728.000000,
    96324681728.000000,
    96324681728.000000,
    96324681728.000000,
    96324681728.000000,
    96324681728.000000,
    96324681728.000000,
    96324681728.000000,
    60776765194240.000000,
    60776765194240.000000,
    60776765194240.000000,
    60776765194240.000000,
    60776765194240.000000,
    60776765194240.000000,
    60776765194240.000000,
    60776765194240.000000,
    60776765194240.000000,
    60776765194240.000000,
    60776765194240.000000,
    60776765194240.000000,
    60776765194240.000000,
    60776765194240.000000,
    60776765194240.000000,
    60776765194240.000000,
    60776765194240.000000,
    60776765194240.000000,
    60776765194240.000000,
    60776765194240.000000,
    60776765194240.000000,
    60776765194240.000000,
    60776765194240.000000,
    60776765194240.000000,
    60776765194240.000000,
    60776765194240.000000,
    60776765194240.000000,
    60776765194240.000000,
    60776765194240.000000,
    60776765194240.000000,
    60776765194240.000000,
    60776765194240.000000,
    60776765194240.000000,
    60776765194240.000000,
    60776765194240.000000,
    60776765194240.000000,
    60776765194240.000000,
    60776765194240.000000,
    60776765194240.000000,
    60776765194240.000000,
    60776765194240.000000,
    60776765194240.000000,
    60776765194240.000000,
    60776765194240.000000,
    60776765194240.000000,
    60776765194240.000000,
    60776765194240.000000,
    60776765194240.000000,
    60776765194240.000000,
    60776765194240.000000,
    60776765194240.000000,
    60776765194240.000000,
    60776765194240.000000,
    60776765194240.000000,
    60776765194240.000000,
    60776765194240.000000,
    60776765194240.000000,
    60776765194240.000000,
    60776765194240.000000,
    60776765194240.000000,
    60776765194240.000000,
    60776765194240.000000,
    60776765194240.000000,
    60776765194240.000000,
    60776765194240.000000,
    60776765194240.000000,
    60776765194240.000000,
    60776765194240.000000,
    60776765194240.000000,
    60776765194240.000000,
    60776765194240.000000,
    60776765194240.000000,
    60776765194240.000000,
    60776765194240.000000,
    60776765194240.000000,
    60776765194240.000000,
    60776765194240.000000,
    60776765194240.000000,
    60776765194240.000000,
    60776765194240.000000,
    60776765194240.000000,
    60776765194240.000000,
    60776765194240.000000,
    60776765194240.000000,
    60776765194240.000000
};
FLOAT *tables_absthr_2 = (FLOAT*) tables_absthr_2_float;
