// the tables part two

#include "tables.h"

////////////////////////////////////////////////////////////////////////////
// the absthr_X tables (part two)
//     used by read_absthr in psy.c

//FHBLK tables_absthr_1 = {
float tables_absthr_1_float[HBLKSIZE] = {
    488357088.000000,
    5898447.000000,
    1131716.500000,
    466377.531250,
    265911.781250,
    180192.875000,
    135125.593750,
    108078.070312,
    90518.546875,
    78295.640625,
    69141.296875,
    62335.808594,
    56981.980469,
    52569.949219,
    49061.140625,
    45997.859375,
    43524.878906,
    41279.800781,
    39331.230469,
    37647.628906,
    36119.160156,
    34732.621094,
    33399.320312,
    32265.439453,
    31170.050781,
    30111.859375,
    29156.650391,
    28231.740234,
    27336.160156,
    26469.000000,
    25629.349609,
    24816.330078,
    24029.099609,
    23266.849609,
    22476.960937,
    21713.890625,
    20976.720703,
    20264.580078,
    19531.589844,
    18781.820312,
    18102.460937,
    17367.509766,
    16700.810547,
    16022.769531,
    15336.900391,
    14680.389648,
    14051.980469,
    13419.540039,
    12238.759766,
    12238.759766,
    11136.209961,
    11136.209961,
    10109.679687,
    10109.679687,
    9177.780273,
    9177.780273,
    8331.780273,
    8331.780273,
    7598.669922,
    7598.669922,
    6962.060059,
    6962.060059,
    6408.220215,
    6408.220215,
    5953.020020,
    5953.020020,
    5581.330078,
    5581.330078,
    5293.439941,
    5293.439941,
    5078.520020,
    5078.520020,
    4928.759766,
    4928.759766,
    4861.129883,
    4861.129883,
    4849.950195,
    4849.950195,
    4917.419922,
    4917.419922,
    5043.560059,
    5043.560059,
    5232.839844,
    5232.839844,
    5504.750000,
    5504.750000,
    5844.370117,
    5844.370117,
    6262.350098,
    6262.350098,
    6756.750000,
    6756.750000,
    7323.819824,
    7323.819824,
    7975.129883,
    7975.129883,
    9500.309570,
    9500.309570,
    9500.309570,
    9500.309570,
    11239.259766,
    11239.259766,
    11239.259766,
    11239.259766,
    13174.599609,
    13174.599609,
    13174.599609,
    13174.599609,
    15126.469727,
    15126.469727,
    15126.469727,
    15126.469727,
    17011.300781,
    17011.300781,
    17011.300781,
    17011.300781,
    18738.619141,
    18738.619141,
    18738.619141,
    18738.619141,
    20264.580078,
    20264.580078,
    20264.580078,
    20264.580078,
    21614.119141,
    21614.119141,
    21614.119141,
    21614.119141,
    22789.650391,
    22789.650391,
    22789.650391,
    22789.650391,
    23808.800781,
    23808.800781,
    23808.800781,
    23808.800781,
    24816.330078,
    24816.330078,
    24816.330078,
    24816.330078,
    25807.000000,
    25807.000000,
    25807.000000,
    25807.000000,
    26837.220703,
    26837.220703,
    26837.220703,
    26837.220703,
    27972.910156,
    27972.910156,
    27972.910156,
    27972.910156,
    29223.859375,
    29223.859375,
    29223.859375,
    29223.859375,
    30671.679687,
    30671.679687,
    30671.679687,
    30671.679687,
    32265.439453,
    32265.439453,
    32265.439453,
    32265.439453,
    34098.679687,
    34098.679687,
    34098.679687,
    34098.679687,
    36119.160156,
    36119.160156,
    36119.160156,
    36119.160156,
    38524.550781,
    38524.550781,
    38524.550781,
    38524.550781,
    41279.800781,
    41279.800781,
    41279.800781,
    41279.800781,
    44436.269531,
    44436.269531,
    44436.269531,
    44436.269531,
    48054.890625,
    48054.890625,
    48054.890625,
    48054.890625,
    52328.410156,
    52328.410156,
    52328.410156,
    52328.410156,
    62912.589844,
    62912.589844,
    62912.589844,
    62912.589844,
    62912.589844,
    62912.589844,
    62912.589844,
    62912.589844,
    77756.656250,
    77756.656250,
    77756.656250,
    77756.656250,
    77756.656250,
    77756.656250,
    77756.656250,
    77756.656250,
    98568.382812,
    98568.382812,
    98568.382812,
    98568.382812,
    98568.382812,
    98568.382812,
    98568.382812,
    98568.382812,
    128451.023437,
    128451.023437,
    128451.023437,
    128451.023437,
    128451.023437,
    128451.023437,
    128451.023437,
    128451.023437,
    172877.140625,
    172877.140625,
    172877.140625,
    172877.140625,
    172877.140625,
    172877.140625,
    172877.140625,
    172877.140625,
    240291.062500,
    240291.062500,
    240291.062500,
    240291.062500,
    240291.062500,
    240291.062500,
    240291.062500,
    240291.062500,
    346527.437500,
    346527.437500,
    346527.437500,
    346527.437500,
    346527.437500,
    346527.437500,
    346527.437500,
    346527.437500,
    517294.187500,
    517294.187500,
    517294.187500,
    517294.187500,
    517294.187500,
    517294.187500,
    517294.187500,
    517294.187500,
    806747.312500,
    806747.312500,
    806747.312500,
    806747.312500,
    806747.312500,
    806747.312500,
    806747.312500,
    806747.312500,
    1308391.125000,
    1308391.125000,
    1308391.125000,
    1308391.125000,
    1308391.125000,
    1308391.125000,
    1308391.125000,
    1308391.125000,
    2227088.750000,
    2227088.750000,
    2227088.750000,
    2227088.750000,
    2227088.750000,
    2227088.750000,
    2227088.750000,
    2227088.750000,
    3969516.000000,
    3969516.000000,
    3969516.000000,
    3969516.000000,
    3969516.000000,
    3969516.000000,
    3969516.000000,
    3969516.000000,
    7442819.500000,
    7442819.500000,
    7442819.500000,
    7442819.500000,
    7442819.500000,
    7442819.500000,
    7442819.500000,
    7442819.500000,
    14714232.000000,
    14714232.000000,
    14714232.000000,
    14714232.000000,
    14714232.000000,
    14714232.000000,
    14714232.000000,
    14714232.000000,
    30742394.000000,
    30742394.000000,
    30742394.000000,
    30742394.000000,
    30742394.000000,
    30742394.000000,
    30742394.000000,
    30742394.000000,
    68349824.000000,
    68349824.000000,
    68349824.000000,
    68349824.000000,
    68349824.000000,
    68349824.000000,
    68349824.000000,
    68349824.000000,
    161338400.000000,
    161338400.000000,
    161338400.000000,
    161338400.000000,
    161338400.000000,
    161338400.000000,
    161338400.000000,
    161338400.000000,
    407134048.000000,
    407134048.000000,
    407134048.000000,
    407134048.000000,
    407134048.000000,
    407134048.000000,
    407134048.000000,
    407134048.000000,
    1100874368.000000,
    1100874368.000000,
    1100874368.000000,
    1100874368.000000,
    1100874368.000000,
    1100874368.000000,
    1100874368.000000,
    1100874368.000000,
    3196962048.000000,
    3196962048.000000,
    3196962048.000000,
    3196962048.000000,
    3196962048.000000,
    3196962048.000000,
    3196962048.000000,
    3196962048.000000,
    10016993280.000000,
    10016993280.000000,
    10016993280.000000,
    10016993280.000000,
    10016993280.000000,
    10016993280.000000,
    10016993280.000000,
    10016993280.000000,
    34020253696.000000,
    34020253696.000000,
    34020253696.000000,
    34020253696.000000,
    34020253696.000000,
    34020253696.000000,
    34020253696.000000,
    34020253696.000000,
    124950298624.000000,
    124950298624.000000,
    124950298624.000000,
    124950298624.000000,
    124950298624.000000,
    124950298624.000000,
    124950298624.000000,
    124950298624.000000,
    124950298624.000000,
    124950298624.000000,
    124950298624.000000,
    124950298624.000000,
    124950298624.000000,
    124950298624.000000,
    124950298624.000000,
    124950298624.000000,
    124950298624.000000,
    124950298624.000000,
    124950298624.000000,
    124950298624.000000,
    124950298624.000000,
    124950298624.000000,
    124950298624.000000,
    124950298624.000000,
    124950298624.000000,
    124950298624.000000,
    124950298624.000000,
    124950298624.000000,
    124950298624.000000,
    124950298624.000000,
    124950298624.000000,
    124950298624.000000,
    124950298624.000000,
    124950298624.000000,
    124950298624.000000,
    124950298624.000000,
    124950298624.000000,
    124950298624.000000,
    124950298624.000000,
    124950298624.000000,
    124950298624.000000,
    124950298624.000000,
    124950298624.000000,
    124950298624.000000,
    124950298624.000000,
    124950298624.000000,
    124950298624.000000,
    124950298624.000000,
    124950298624.000000,
    124950298624.000000,
    124950298624.000000,
    124950298624.000000,
    124950298624.000000,
    124950298624.000000,
    124950298624.000000,
    124950298624.000000,
    124950298624.000000,
    124950298624.000000,
    124950298624.000000,
    124950298624.000000,
    124950298624.000000,
    124950298624.000000,
    124950298624.000000,
    124950298624.000000,
    124950298624.000000,
    124950298624.000000,
    124950298624.000000,
    124950298624.000000,
    124950298624.000000,
    124950298624.000000,
    124950298624.000000,
    124950298624.000000,
    124950298624.000000,
    124950298624.000000,
    124950298624.000000,
    124950298624.000000,
    124950298624.000000,
    124950298624.000000,
    124950298624.000000,
    124950298624.000000,
    124950298624.000000,
    124950298624.000000,
    124950298624.000000,
    124950298624.000000,
    124950298624.000000,
    124950298624.000000,
    124950298624.000000,
    124950298624.000000,
    124950298624.000000,
    124950298624.000000,
    124950298624.000000,
    124950298624.000000,
    124950298624.000000,
    124950298624.000000,
    124950298624.000000,
    124950298624.000000,
    60776765194240.000000,
    60776765194240.000000,
    60776765194240.000000,
    60776765194240.000000,
    60776765194240.000000,
    60776765194240.000000,
    60776765194240.000000,
    60776765194240.000000,
    60776765194240.000000,
    60776765194240.000000,
    60776765194240.000000,
    60776765194240.000000,
    60776765194240.000000,
    60776765194240.000000,
    60776765194240.000000,
    60776765194240.000000,
    60776765194240.000000,
    60776765194240.000000,
    60776765194240.000000,
    60776765194240.000000,
    60776765194240.000000,
    60776765194240.000000,
    60776765194240.000000,
    60776765194240.000000,
    60776765194240.000000,
    60776765194240.000000,
    60776765194240.000000,
    60776765194240.000000,
    60776765194240.000000,
    60776765194240.000000,
    60776765194240.000000,
    60776765194240.000000,
    60776765194240.000000,
    60776765194240.000000,
    60776765194240.000000,
    60776765194240.000000,
    60776765194240.000000,
    60776765194240.000000,
    60776765194240.000000,
    60776765194240.000000,
    60776765194240.000000,
    60776765194240.000000,
    60776765194240.000000,
    60776765194240.000000,
    60776765194240.000000,
    60776765194240.000000,
    60776765194240.000000,
    60776765194240.000000,
    60776765194240.000000
};
FLOAT *tables_absthr_1 = (FLOAT*) tables_absthr_1_float;
