struct {
	short maxCode;
	short size2;
	short list1;
	short list2;
	short index[27];
	unsigned char list1Data[10466];
	unsigned char list2Data[468];
} DutExIndex = {
	26,
	467,
	62,
	10528,
	{
		   0,		/* a */
		 431,		/* b */
		1166,		/* c */
		1315,		/* d */
		1671,		/* e */
		2052,		/* f */
		2200,		/* g */
		2688,		/* h */
		3349,		/* i */
		3533,		/* j */
		3589,		/* k */
		4284,		/* l */
		4754,		/* m */
		5324,		/* n */
		5573,		/* o */
		6172,		/* p */
		6841,		/* q */
		6841,		/* r */
		7389,		/* s */
		8455,		/* t */
		8921,		/* u */
		8949,		/* v */
		9777,		/* w */
		10136,		/* x */
		10136,		/* y */
		10136,		/* z */
		10465
	},
	{
		/* aan-1drijf-0as */
		129,14,68,18,9,10,6,65,19,
		/* aard-0as */
		129,18,4,65,19,
		/* aard-0at-2mos-2feer */
		129,18,4,65,20,77,15,19,70,5,5,18,
		/* aard-0bei-2en-0ijs */
		129,18,4,66,5,9,69,14,73,10,19,
		/* ach-2te-1loos */
		131,8,84,5,76,15,15,19,
		/* ach-2te-1loos-1heid */
		131,8,84,5,76,15,15,19,72,5,9,4,
		/* ach-2tens-0waar-2dig */
		131,8,84,5,14,19,87,1,1,18,68,9,7,
		/* ach-2tens-0waar-2dig-1heid */
		131,8,84,5,14,19,87,1,1,18,68,9,7,72,5,9,4,
		/* ach-2ter-0in */
		131,8,84,5,18,73,14,
		/* ach-2ter-1lij-2ke */
		131,8,84,5,18,76,9,10,75,5,
		/* ach-2ter-0op-1raak */
		131,8,84,5,18,79,16,82,1,1,11,
		/* af-2fi-2li-2eer */
		134,70,9,76,9,69,5,18,
		/* af-1scheids-0preek */
		134,83,3,8,5,9,4,19,80,18,5,5,11,
		/* af-1zet-2tings-0ge-1steent */
		134,90,5,20,84,9,14,7,19,71,5,83,20,5,5,14,20,
		/* ak-2ker-0dis-2tel */
		139,75,5,18,68,9,19,84,5,12,
		/* al-1door-1dring */
		140,68,15,15,18,68,18,9,14,7,
		/* al-1ge-1meen-1heid */
		140,71,5,77,5,5,14,72,5,9,4,
		/* al-2le-0mach-2tig */
		140,76,5,77,1,3,8,84,9,7,
		/* al-0loch-0toon */
		140,76,15,3,8,84,15,15,14,
		/* al-1mach-2tig */
		140,77,1,3,8,84,9,7,
		/* al-2pi-2no-0muts */
		140,80,9,78,15,77,21,20,19,
		/* al-2sem */
		140,83,5,13,
		/* an-2ders-0om */
		142,68,5,18,19,79,13,
		/* an-2der-0soor-2tig */
		142,68,5,18,83,15,15,18,84,9,7,
		/* an-2ders-0ta-2lig */
		142,68,5,18,19,84,1,76,9,7,
		/* a-4pos-2tel */
		144,15,19,84,5,12,
		/* ap-2pre-2ci-2eer */
		144,80,18,5,67,9,69,5,18,
		/* ar-2bei-2ders-0pa-2ra-2dijs */
		146,66,5,9,68,5,18,19,80,1,82,1,68,9,10,19,
		/* ar-2bei-2ders-0trein */
		146,66,5,9,68,5,18,19,84,18,5,9,14,
		/* ar-2beid-2ster */
		146,66,5,9,4,83,20,5,18,
		/* ar-2beids-0vo-2lum */
		146,66,5,9,4,19,86,15,76,21,13,
		/* ar-2res-2ta-2tie */
		146,82,5,19,84,1,84,9,5,
		/* as-2je-0blieft */
		147,74,5,66,12,9,5,6,20,
		/* as-2je-0me-2nou */
		147,74,5,77,5,78,15,21,
		/* as-2pa-2ra-2gus */
		147,80,1,82,1,71,21,19,
		/* a-4spe-2ci-2fiek */
		147,16,5,67,9,70,9,5,11,
		/* as-2sem-2bleer */
		147,83,5,13,66,12,5,5,18,
		/* as-2ser-2ti-2vi-1teits-0train */
		147,83,5,18,84,9,86,9,84,5,9,20,19,84,18,1,9,14,
		/* a-4stig-2ma-2tis-2me */
		147,20,9,7,77,1,84,9,19,77,5,
		/* at-2tes-2ta-2tie */
		148,84,5,19,84,1,84,9,5,
		/* a-4vond-0et */
		150,15,14,4,69,20,
		/* a-4vond-0spits-0uur */
		150,15,14,4,83,16,9,20,19,85,21,18,
		/* a-4vond-0uur */
		150,15,14,4,85,21,18,
		/* baai-2erd */
		129,1,9,69,18,4,
		/* ba-2ga-2ge-0kluis */
		129,71,1,71,5,75,12,21,9,19,
		/* ba-2ga-2ge-0net */
		129,71,1,71,5,78,5,20,
		/* ban-2djir */
		129,14,68,10,9,18,
		/* bank-0em-2ploy-2é */
		129,14,11,69,13,80,12,15,25,99,
		/* ban-2kiers-0huis */
		129,14,75,9,5,18,19,72,21,9,19,
		/* Bart-2jens */
		129,18,20,74,5,14,19,
		/* bed-2de-0sprei */
		133,4,68,5,83,16,18,5,9,
		/* bed-0rand */
		133,4,82,1,14,4,
		/* be-1drieg-1lijk */
		133,68,18,9,5,7,76,9,10,11,
		/* be-1drieg-1lijk-1heid */
		133,68,18,9,5,7,76,9,10,11,72,5,9,4,
		/* bed-0rust */
		133,4,82,21,19,20,
		/* bed-0wa-2ter */
		133,4,87,1,84,5,18,
		/* beetj */
		133,5,20,10,
		/* beet-0wor-2tel */
		133,5,20,87,15,18,84,5,12,
		/* be-1gra-2fe-2nis-0on-3der-1nem */
		133,71,18,1,70,5,78,9,19,79,14,68,5,18,78,5,13,
		/* be-1han-2del-0stoel */
		133,72,1,14,68,5,12,83,20,15,5,12,
		/* beig-2net */
		133,9,7,78,5,20,
		/* be-1ij-2ver */
		133,73,10,86,5,18,
		/* be-1ij-2zel */
		133,73,10,90,5,12,
		/* be-1ij-2zeld */
		133,73,10,90,5,12,4,
		/* bek-0af */
		133,11,65,6,
		/* be-1lan-2gen-0or-2ga-2ni-2sa-2tie */
		133,76,1,14,71,5,14,79,18,71,1,78,9,83,1,84,9,5,
		/* be-1las-2ting-0schroef */
		133,76,1,19,84,9,14,7,83,3,8,18,15,5,6,
		/* be-1las-2ting-0stel-2sel */
		133,76,1,19,84,9,14,7,83,20,5,12,83,5,12,
		/* be-1leids-0om-1buig */
		133,76,5,9,4,19,79,13,66,21,9,7,
		/* be-1mid-2de-0laar-2ster */
		133,77,9,4,68,5,76,1,1,18,83,20,5,18,
		/* berg-0af */
		133,18,7,65,6,
		/* berg-0af-1waarts */
		133,18,7,65,6,87,1,1,18,20,19,
		/* berge */
		133,18,7,5,
		/* berg-0kris-2tal */
		133,18,7,75,18,9,19,84,1,12,
		/* berg-0op */
		133,18,7,79,16,
		/* berg-0op-1waarts */
		133,18,7,79,16,87,1,1,18,20,19,
		/* be-1ris-2pe-1lijk */
		133,82,9,19,80,5,76,9,10,11,
		/* be-1roeps-0on-3der-1wijs */
		133,82,15,5,16,19,79,14,68,5,18,87,9,10,19,
		/* be-1stuurs-0ta-2fel */
		133,83,20,21,21,18,19,84,1,70,5,12,
		/* best-0wil */
		133,19,20,87,9,12,
		/* be-1wus-2te-1loos */
		133,87,21,19,84,5,76,15,15,19,
		/* be-1wus-2te-1loos-1heid */
		133,87,21,19,84,5,76,15,15,19,72,5,9,4,
		/* be-1zoek-0uur */
		133,90,15,5,11,85,21,18,
		/* bijs-2ter */
		137,10,19,84,5,18,
		/* bijt-2ring */
		137,10,20,82,9,14,7,
		/* bin-2nen-0in */
		137,14,78,5,14,73,14,
		/* bin-2nens-0ka-2mers */
		137,14,78,5,14,19,75,1,77,5,18,19,
		/* bin-2nens-0lands */
		137,14,78,5,14,19,76,1,14,4,19,
		/* bin-2nens-0monds */
		137,14,78,5,14,19,77,15,14,4,19,
		/* bi-2vak-2keer */
		137,86,1,11,75,5,5,18,
		/* blaas-2jes-0kruid */
		140,1,1,19,74,5,19,75,18,21,9,4,
		/* blad-0aard */
		140,1,4,65,1,18,4,
		/* blik-0o-4pe-2ner */
		140,9,11,79,16,5,78,5,18,
		/* blik-2sem-0ac-2tie */
		140,9,11,83,5,13,65,3,84,9,5,
		/* blik-2sem-0in-1slag */
		140,9,11,83,5,13,73,14,83,12,1,7,
		/* bloed-0eig */
		140,15,5,4,69,9,7,
		/* bloeds-0om-1loop */
		140,15,5,4,19,79,13,76,15,15,16,
		/* blok-0let-2ter */
		140,15,11,76,5,20,84,5,18,
		/* bo-2dem-0ver-1ont-2rei-2nig */
		143,68,5,13,86,5,18,79,14,20,82,5,9,78,9,7,
		/* boe-2ren-0erf */
		143,5,82,5,14,69,18,6,
		/* bol-2len-0veld */
		143,12,76,5,14,86,5,12,4,
		/* bo-2men-0rij */
		143,77,5,14,82,9,10,
		/* bom-0ijs */
		143,13,73,10,19,
		/* bo-2nen-0veld */
		143,78,5,14,86,5,12,4,
		/* boog-0las */
		143,15,7,76,1,19,
		/* bor-2rel-0uur */
		143,18,82,5,12,85,21,18,
		/* bos-0aan-1plant */
		143,19,65,1,14,80,12,1,14,20,
		/* bo-2ven-0aards */
		143,86,5,14,65,1,18,4,19,
		/* bo-2ven-0al */
		143,86,5,14,65,12,
		/* bo-2ven-0in */
		143,86,5,14,73,14,
		/* bran-2de-0wijn */
		146,1,14,68,5,87,9,10,14,
		/* breed-0uit */
		146,5,5,4,85,9,20,
		/* brief-0o-4pe-2ner */
		146,9,5,6,79,16,5,78,5,18,
		/* brug-0leun */
		146,21,7,76,5,21,14,
		/* bruikle */
		146,21,9,11,12,5,
		/* bui-2ten-0aards */
		149,9,84,5,14,65,1,18,4,19,
		/* bui-2ten-0af */
		149,9,84,5,14,65,6,
		/* bui-2ten-0ker-2ke-1lij-2ke */
		149,9,84,5,14,75,5,18,75,5,76,9,10,75,5,
		/* bui-2ten-0om */
		149,9,84,5,14,79,13,
		/* bui-2ten-0ver-1vol-2ging-0stel-2ling */
		149,9,84,5,14,86,5,18,86,15,12,71,9,14,7,83,20,5,12,76,9,14,7,
		/* burcht-0heer */
		149,18,3,8,20,72,5,5,18,
		/* bus-0chauf-2feur */
		149,19,67,8,1,21,6,70,5,21,18,
		/* cas-2traat */
		129,19,84,18,1,1,20,
		/* cay-2en-2ne-0pe-2per */
		129,25,69,14,78,5,80,5,80,5,18,
		/* chauf-2feurs-0pet */
		136,1,21,6,70,5,21,18,19,80,5,20,
		/* cho-2co-2la-2de-0melk */
		136,15,67,15,76,1,68,5,77,5,12,11,
		/* chroom-0staal */
		136,18,15,15,13,83,20,1,1,12,
		/* com-2men-2ta-2ri-2eer */
		143,13,77,5,14,84,1,82,9,69,5,18,
		/* con-1cen-2tra-2tie-0kamp-0syn-2droom */
		143,14,67,5,14,84,18,1,84,9,5,75,1,13,16,83,25,14,68,18,15,15,13,
		/* co-2ni-2feer */
		143,78,9,70,5,5,18,
		/* con-1tes-2ta-2tie */
		143,14,84,5,19,84,1,84,9,5,
		/* con-1tro-2le-0post */
		143,14,84,18,15,76,5,80,15,19,20,
		/* con-1va-2les-2cen-2tie */
		143,14,86,1,76,5,19,67,5,14,84,9,5,
		/* con-1vo-2luut */
		143,14,86,15,76,21,21,20,
		/* cor-2ti-2co-2ste-2ro-0ïd */
		143,18,84,9,67,15,83,20,5,82,15,95,4,
		/* dak-0raam */
		129,11,82,1,1,13,
		/* dal-0uur */
		129,12,85,21,18,
		/* dank-0of-2fer */
		129,14,11,79,6,70,5,18,
		/* dans-0part-2ner */
		129,14,19,80,1,18,20,78,5,18,
		/* danst */
		129,14,19,20,
		/* de-2fla-2tie */
		133,70,12,1,84,9,5,
		/* dek-0laag */
		133,11,76,1,1,7,
		/* de-2no-2mi-2na-2tie */
		133,78,15,77,9,78,1,84,9,5,
		/* dier-2soort */
		137,5,18,83,15,15,18,20,
		/* dif-2fe-2ren-2ti-2aal-0di-2a-2gnos */
		137,6,70,5,82,5,14,84,9,65,1,12,68,9,65,71,14,15,19,
		/* dij-2spier */
		137,10,83,16,9,5,18,
		/* di-2plo-2pie */
		137,80,12,15,80,9,5,
		/* dis-2tel */
		137,19,84,5,12,
		/* dood-0se-2ri-2eus */
		143,15,4,83,5,82,9,69,21,19,
		/* dood-0sim-2pel */
		143,15,4,83,9,13,80,5,12,
		/* dood-0smak */
		143,15,4,83,13,1,11,
		/* dood-0spuit */
		143,15,4,83,16,21,9,20,
		/* doop-0akt */
		143,15,16,65,11,20,
		/* door-0een-1has-2pel */
		143,15,18,69,5,14,72,1,19,80,5,12,
		/* doorn-0ach-2tig */
		143,15,18,14,65,3,8,84,9,7,
		/* doorn-0ap-2pel */
		143,15,18,14,65,16,80,5,12,
		/* dop-0hei */
		143,16,72,5,9,
		/* do-2ping-0con-1trol */
		143,80,9,14,7,67,15,14,84,18,15,12,
		/* dorps-0pas-2toor */
		143,18,16,19,80,1,19,84,15,15,18,
		/* drie-0ka-2mer-0flat */
		146,9,5,75,1,77,5,18,70,12,1,20,
		/* dries-2ter */
		146,9,5,19,84,5,18,
		/* drie-0traps-0ra-2ket */
		146,9,5,84,18,1,16,19,82,1,75,5,20,
		/* drijf-0ijs */
		146,9,10,6,73,10,19,
		/* dronk-0aard */
		146,15,14,11,65,1,18,4,
		/* droog-0sham-2poo */
		146,15,15,7,83,8,1,13,80,15,15,
		/* druip-0steen-0grot */
		146,21,9,16,83,20,5,5,14,71,18,15,20,
		/* drui-2ve-0pit */
		146,21,9,86,5,80,9,20,
		/* drui-2ve-0rank */
		146,21,9,86,5,82,1,14,11,
		/* druk-0let-2ter */
		146,21,11,76,5,20,84,5,18,
		/* dub-2bel-0gang-2ster */
		149,2,66,5,12,71,1,14,7,83,20,5,18,
		/* duik-0uit-2rust */
		149,9,11,85,9,20,82,21,19,20,
		/* duits-0ta-2lig */
		149,9,20,19,84,1,76,9,7,
		/* dun-2ne-2tjes */
		149,14,78,5,84,10,5,19,
		/* durf-0al */
		149,18,6,65,12,
		/* du-2vels-0toe-0ja-2ger */
		149,86,5,12,19,84,15,5,74,1,71,5,18,
		/* e-4del-0acht-2baar */
		132,5,12,65,3,8,20,66,1,1,18,
		/* een-1dags-0kuik */
		133,14,68,1,7,19,75,21,9,11,
		/* een-1de-2kroos */
		133,14,68,5,75,18,15,15,19,
		/* een-1ei-2ig */
		133,14,69,9,73,7,
		/* eens-0klaps */
		133,14,19,75,12,1,16,19,
		/* eens-0luid */
		133,14,19,76,21,9,4,
		/* eens-0lui-2dend-1heid */
		133,14,19,76,21,9,68,5,14,4,72,5,9,4,
		/* eeuw-2en-0oud */
		133,21,23,69,14,79,21,4,
		/* eeuw-2ig */
		133,21,23,73,7,
		/* eeuw-2ig-1heid */
		133,21,23,73,7,72,5,9,4,
		/* ef-2fen-0af */
		134,70,5,14,65,6,
		/* ei-2gen-0soor-2tig */
		137,71,5,14,83,15,15,18,84,9,7,
		/* ei-2ke-0stam */
		137,75,5,83,20,1,13,
		/* eind-0be-1sliss */
		137,14,4,66,5,83,12,9,19,19,
		/* eind-0on-3der-1wijs */
		137,14,4,79,14,68,5,18,87,9,10,19,
		/* eind-0oor-2deel */
		137,14,4,79,15,18,68,5,5,12,
		/* eind-0rond */
		137,14,4,82,15,14,4,
		/* ei-0vlies */
		137,86,12,9,5,19,
		/* e-4kwi-2val */
		139,23,9,86,1,12,
		/* elke */
		140,11,5,
		/* el-2le-0pijp */
		140,76,5,80,9,10,16,
		/* en-2del-0darm */
		142,68,5,12,68,1,18,13,
		/* En-2gels-0ta-2lig */
		142,71,5,12,19,84,1,76,9,7,
		/* e-4ri-2ca */
		146,9,67,1,
		/* er-0in */
		146,73,14,
		/* er-0om */
		146,79,13,
		/* er-0omhe */
		146,79,13,8,5,
		/* er-0on-2der */
		146,79,14,68,5,18,
		/* er-0on-2der-0door */
		146,79,14,68,5,18,68,15,15,18,
		/* er-0on-2der-0uit */
		146,79,14,68,5,18,85,9,20,
		/* er-0op */
		146,79,16,
		/* er-0op-0aan */
		146,79,16,65,1,14,
		/* er-0op-0af */
		146,79,16,65,6,
		/* er-0op-0uit */
		146,79,16,85,9,20,
		/* er-0o-4ver */
		146,79,22,5,18,
		/* er-0o-4verhe */
		146,79,22,5,18,8,5,
		/* er-2te-2gen-0in */
		146,84,5,71,5,14,73,14,
		/* er-2tus-2sen-0in */
		146,84,21,19,83,5,14,73,14,
		/* e-4ry-2tro-2cyt */
		146,25,84,18,15,67,25,20,
		/* es-2cha-2to-2lo-2gie */
		147,67,8,1,84,15,76,15,71,9,5,
		/* es-2cha-2to-2lo-2gisch */
		147,67,8,1,84,15,76,15,71,9,19,3,8,
		/* es-2cu-2laap */
		147,67,21,76,1,1,16,
		/* es-2theet */
		147,84,8,5,5,20,
		/* e-4tensre */
		148,5,14,19,18,5,
		/* e-4tens-0uur */
		148,5,14,19,85,21,18,
		/* et-2te-1lij-2ke */
		148,84,5,76,9,10,75,5,
		/* Eur-0a-4tom */
		149,18,65,20,15,13,
		/* Eur-0a-4zi-4ë */
		149,18,65,26,9,32,
		/* e-4ven-0als */
		150,5,14,65,12,19,
		/* e-4ve-2ne-2ment */
		150,5,78,5,77,5,14,20,
		/* exa-2men-0op-1gav */
		152,1,77,5,14,79,16,71,1,22,
		/* fac-2toor */
		129,3,84,15,15,18,
		/* fan-2ta-2sie-1loos */
		129,14,84,1,83,9,5,76,15,15,19,
		/* fees-2te-1lijk */
		133,5,19,84,5,76,9,10,11,
		/* fees-2te-1lijk-1heid */
		133,5,19,84,5,76,9,10,11,72,5,9,4,
		/* fees-2te-2ling */
		133,5,19,84,5,76,9,14,7,
		/* fijn-2be-2snaard */
		137,10,14,66,5,83,14,1,1,18,4,
		/* film-0o-4pe-2ra-2teur */
		137,12,13,79,16,5,82,1,84,5,21,18,
		/* film-0pro-2jec-2tor */
		137,12,13,80,18,15,74,5,3,84,15,18,
		/* film-0tijd-0schrift */
		137,12,13,84,9,10,4,83,3,8,18,9,6,20,
		/* fis-2tel */
		137,19,84,5,12,
		/* flap-0uit */
		140,1,16,85,9,20,
		/* fles-0o-4pe-2ner */
		140,5,19,79,16,5,78,5,18,
		/* flik-0flooi-2er */
		140,9,11,70,12,15,15,9,69,18,
		/* flu-2o-2res-2cen-2tie */
		140,21,79,82,5,19,67,5,14,84,9,5,
		/* Frans-0ta-2lig */
		146,1,14,19,84,1,76,9,7,
		/* ga-2de-2sla */
		129,68,5,83,12,1,
		/* ga-2lei-0slaaf */
		129,76,5,9,83,12,1,1,6,
		/* gas-2pel-0doorn */
		129,19,80,5,12,68,15,15,18,14,
		/* gas-0tur-2bin */
		129,19,84,21,18,66,9,14,
		/* ge-1beds-0mol */
		133,66,5,4,19,77,15,12,
		/* geel-1ach-3tig */
		133,5,12,65,3,8,84,9,7,
		/* geen-0eens */
		133,5,14,69,5,14,19,
		/* gees-2te-1lij-2ke */
		133,5,19,84,5,76,9,10,75,5,
		/* gees-2tig-0aard */
		133,5,19,84,9,7,65,1,18,4,
		/* geeuw-2e-2rig */
		133,5,21,23,69,82,9,7,
		/* ge-1has-2pel */
		133,72,1,19,80,5,12,
		/* ge-1ijkt */
		133,73,10,11,20,
		/* geil-0aard */
		133,9,12,65,1,18,4,
		/* geit-1ach-3tig */
		133,9,20,65,3,8,84,9,7,
		/* gel-2de-1lijk */
		133,12,68,5,76,9,10,11,
		/* gel-2dig-1heids-0duur */
		133,12,68,9,7,72,5,9,4,19,68,21,21,18,
		/* ge-1lij-2ke */
		133,76,9,10,75,5,
		/* ge-1lij-2ke-1lijk */
		133,76,9,10,75,5,76,9,10,11,
		/* ge-1lij-2ke-2nis */
		133,76,9,10,75,5,78,9,19,
		/* ge-1loofs-0cri-2sis */
		133,76,15,15,6,19,67,18,9,83,9,19,
		/* ge-1luids-0mon-2tag */
		133,76,21,9,4,19,77,15,14,84,1,7,
		/* ge-1luids-0tril-2ling */
		133,76,21,9,4,19,84,18,9,12,76,9,14,7,
		/* ge-1luks-0te-3le-1gram */
		133,76,21,11,19,84,5,76,5,71,18,1,13,
		/* ge-1moeds-0toe-1stand */
		133,77,15,5,4,19,84,15,5,83,20,1,14,4,
		/* ge-1na-2de-0stoot */
		133,78,1,68,5,83,20,15,15,20,
		/* ge-4o-1hy-3dro-1lo-2gisch */
		133,15,72,25,68,18,15,76,15,71,9,19,3,8,
		/* ge-1schoold-1heid */
		133,83,3,8,15,15,12,4,72,5,9,4,
		/* ge-1spreks-0part-2ner */
		133,83,16,18,5,11,19,80,1,18,20,78,5,18,
		/* ge-1stemd-1heid */
		133,83,20,5,13,4,72,5,9,4,
		/* ges-2ti-2cu-2leer */
		133,19,84,9,67,21,76,5,5,18,
		/* ges-2tie */
		133,19,84,9,5,
		/* ge-1vie-2ren-0deeld */
		133,86,9,5,82,5,14,68,5,5,12,4,
		/* ge-1voels-0toe-1stand */
		133,86,15,5,12,19,84,15,5,83,20,1,14,4,
		/* ge-1wee-0klaag */
		133,87,5,5,75,12,1,1,7,
		/* ge-1we-2tens-0be-1zwaard */
		133,87,5,84,5,14,19,66,5,90,23,1,1,18,4,
		/* ge-1zags-0cri-2sis */
		133,90,1,7,19,67,18,9,83,9,19,
		/* gie-2rig-0aard */
		137,5,82,9,7,65,1,18,4,
		/* glet-2sjer-0ijs */
		140,5,20,83,10,5,18,73,10,19,
		/* god-0samm */
		143,4,83,1,13,13,
		/* golf-0link */
		143,12,6,76,9,14,11,
		/* gou-2den-0reg */
		143,21,68,5,14,82,5,7,
		/* graan-0soort */
		146,1,1,14,83,15,15,18,20,
		/* gras-0par-2kiet */
		146,1,19,80,1,18,75,9,5,20,
		/* grijs-0aard */
		146,9,10,19,65,1,18,4,
		/* groen-2te-0kwe-2ker */
		146,15,5,14,84,5,75,23,5,75,5,18,
		/* groeps-0reis */
		146,15,5,16,19,82,5,9,19,
		/* gron-2de-1loos */
		146,15,14,68,5,76,15,15,19,
		/* grui-0ze-2le-2ment */
		146,21,9,90,5,76,5,77,5,14,20,
		/* gru-0ze-2le-2ment */
		146,21,90,5,76,5,77,5,14,20,
		/* gul-2zig-0aard */
		149,12,90,9,7,65,1,18,4,
		/* haard-0ij-2zer */
		129,1,18,4,73,10,90,5,18,
		/* hals-0slag-0a-4der */
		129,12,19,83,12,1,7,65,4,5,18,
		/* hal-2ve-0maan-0vor-2mig */
		129,12,86,5,77,1,1,14,86,15,18,77,9,7,
		/* handdouch */
		129,14,4,4,15,21,3,8,
		/* han-2dels-0mo-2no-2po-2lie */
		129,14,68,5,12,19,77,15,78,15,80,15,76,9,5,
		/* hand-0reik */
		129,14,4,82,5,9,11,
		/* hand-0rem */
		129,14,4,82,5,13,
		/* hand-0tas-2te-1lijk */
		129,14,4,84,1,19,84,5,76,9,10,11,
		/* hand-0tas-2te-1lijk-1heid */
		129,14,4,84,1,19,84,5,76,9,10,11,72,5,9,4,
		/* hand-0te-2ke-2nin-0gen-0ac-2tie */
		129,14,4,84,5,75,5,78,9,14,71,5,14,65,3,84,9,5,
		/* hand-0was */
		129,14,4,87,1,19,
		/* hang-0lip */
		129,14,7,76,9,16,
		/* hang-0op */
		129,14,7,79,16,
		/* hard-0op */
		129,18,4,79,16,
		/* hardwar */
		129,18,4,23,1,18,
		/* har-2mo-2ni-2eer */
		129,18,77,15,78,9,69,5,18,
		/* har-2mo-2ni-2eus */
		129,18,77,15,78,9,69,21,19,
		/* hart-0af-1wijk */
		129,18,20,65,6,87,9,10,11,
		/* har-2ten-0aas */
		129,18,84,5,14,65,1,19,
		/* har-2te-0pijn */
		129,18,84,5,80,9,10,14,
		/* Hart-2jes-0dag */
		129,18,20,74,5,19,68,1,7,
		/* hart-0o-4pe-2ra-2tie */
		129,18,20,79,16,5,82,1,84,9,5,
		/* hart-0roer */
		129,18,20,82,15,5,18,
		/* hart-0ver-1o-2ver */
		129,18,20,86,5,18,79,86,5,18,
		/* has-0jiesj */
		129,19,74,9,5,19,10,
		/* has-2pel */
		129,19,80,5,12,
		/* ha-2ze-0slaap */
		129,90,5,83,12,1,1,16,
		/* heel-0al */
		133,5,12,65,12,
		/* heer-0oom */
		133,5,18,79,15,13,
		/* hei-0kneu-2ter */
		133,9,75,14,5,21,84,5,18,
		/* hel-2le-0baar-2dier */
		133,12,76,5,66,1,1,18,68,9,5,18,
		/* hemds-0mouw */
		133,13,4,19,77,15,21,23,
		/* he-2mel-0be-1stor-2mer */
		133,77,5,12,66,5,83,20,15,18,77,5,18,
		/* her-1ders-0tas */
		133,18,68,5,18,19,84,1,19,
		/* herf-2stig */
		133,18,6,83,20,9,7,
		/* herfst-0va-2kan-2tie */
		133,18,6,19,20,86,1,75,1,14,84,9,5,
		/* her-1ijk */
		133,18,73,10,11,
		/* her-0o-4ver */
		133,18,79,22,5,18,
		/* her-0o-4ve-2ring */
		133,18,79,22,5,82,9,14,7,
		/* her-0rij-2ze-2nis */
		133,18,82,9,10,90,5,78,9,19,
		/* hertsl */
		133,18,20,19,12,
		/* her-0uit-0zend */
		133,18,85,9,20,90,5,14,4,
		/* hier-0in */
		137,5,18,73,14,
		/* hin-2ke-0pink */
		137,14,75,5,80,9,14,11,
		/* hof-2le-2ve-2ran-2cier */
		143,6,76,5,86,5,82,1,14,67,9,5,18,
		/* ho-2ger-0op */
		143,71,5,18,79,16,
		/* hondsmo */
		143,14,4,19,13,15,
		/* hon-2ger-0oe-2deem */
		143,14,71,5,18,79,5,68,5,5,13,
		/* hon-2ger-0op-1roer */
		143,14,71,5,18,79,16,82,15,5,18,
		/* ho-2ning-0raat */
		143,78,9,14,7,82,1,1,20,
		/* hoof-2de-1lijk */
		143,15,6,68,5,76,9,10,11,
		/* hoofd-0in-1ge-2ni-2eur */
		143,15,6,4,73,14,71,5,78,9,69,21,18,
		/* hoog-0e-4del-0acht-1baar */
		143,15,7,69,4,5,12,65,3,8,20,66,1,1,18,
		/* hoog-0e-4del-0ge-1streng */
		143,15,7,69,4,5,12,71,5,83,20,18,5,14,7,
		/* hoogst-0waar-0schijn-1lijk */
		143,15,7,19,20,87,1,1,18,83,3,8,9,10,14,76,9,10,11,
		/* hor-2le-0piep */
		143,18,76,5,80,9,5,16,
		/* hor-2le-0pijp */
		143,18,76,5,80,9,10,16,
		/* hos-2tel */
		143,19,84,5,12,
		/* houts-0kool */
		143,21,20,19,75,15,15,12,
		/* huis-0ei-2ge-2naar */
		149,9,19,69,9,71,5,78,1,1,18,
		/* huis-0houd-0on-3der-1wijs */
		149,9,19,72,15,21,4,79,14,68,5,18,87,9,10,19,
		/* hul-2de-0blijk */
		149,12,68,5,66,12,9,10,11,
		/* hul-2pe-1loos */
		149,12,80,5,76,15,15,19,
		/* hul-2pe-1loos-1heid */
		149,12,80,5,76,15,15,19,72,5,9,4,
		/* hu-2mus-0laag */
		149,77,21,19,76,1,1,7,
		/* huts-0pot */
		149,20,19,80,15,20,
		/* huur-0o-4ver-0eenkom */
		149,21,18,79,22,5,18,69,5,14,11,15,13,
		/* hu-2we-1lijks-0reis */
		149,87,5,76,9,10,11,19,82,5,9,19,
		/* hy-2per-2thy-2re-2o-0ï-2die */
		153,80,5,18,84,8,25,82,5,79,95,68,9,5,
		/* hy-2po-2thy-2re-2o-0ï-2die */
		153,80,15,84,8,25,82,5,79,95,68,9,5,
		/* ij-2del-0tui-2te-2rij */
		138,68,5,12,84,21,9,84,5,82,9,10,
		/* ijs-0kris-2tal */
		138,19,75,18,9,19,84,1,12,
		/* ijs-0laag */
		138,19,76,1,1,7,
		/* ijs-0taart */
		138,19,84,1,1,18,20,
		/* ij-2ve-0raar-2ster */
		138,86,5,82,1,1,18,83,20,5,18,
		/* i-4nas */
		142,1,19,
		/* in-1be-1wa-2ring-0stel-2ling */
		142,66,5,87,1,82,9,14,7,83,20,5,12,76,9,14,7,
		/* in-1crus-2ta-2tie */
		142,67,18,21,19,84,1,84,9,5,
		/* in-1houds-0ta-2fel */
		142,72,15,21,4,19,84,1,70,5,12,
		/* inkt-0pat-2roon */
		142,11,20,80,1,20,82,15,15,14,
		/* in-1leg-0lui-2er */
		142,76,5,7,76,21,9,69,18,
		/* in-1nes-2tel */
		142,78,5,19,84,5,12,
		/* in-1sek-2ten-0et */
		142,83,5,11,84,5,14,69,20,
		/* in-1te-2rim-0ad-2vies */
		142,84,5,82,9,13,65,4,86,9,5,19,
		/* in-1va-2li-2di-1teits-0rent */
		142,86,1,76,9,68,9,84,5,9,20,19,82,5,14,20,
		/* in-1vrij-1heid-0stel-2ling */
		142,86,18,9,10,72,5,9,4,83,20,5,12,76,9,14,7,
		/* in-1wer-2king-0tred */
		142,87,5,18,75,9,14,7,84,18,5,4,
		/* is-2chi-2as */
		147,67,8,9,65,19,
		/* jae-2ger */
		129,5,71,5,18,
		/* ja-0knik */
		129,75,14,9,11,
		/* ja-0knik-2ker */
		129,75,14,9,11,75,5,18,
		/* ja-2ni-2tsaar */
		129,78,9,84,19,1,1,18,
		/* jeetj */
		133,5,20,10,
		/* jeug-2dig */
		133,21,7,68,9,7,
		/* jeug-2dig-1heid */
		133,21,7,68,9,7,72,5,9,4,
		/* jong-0ge-1storv */
		143,14,7,71,5,83,20,15,18,22,
		/* kaars-0lan-2taarn */
		129,1,18,19,76,1,14,84,1,1,18,14,
		/* kaart-2jes-0knip-2per */
		129,1,18,20,74,5,19,75,14,9,16,80,5,18,
		/* ka-2bi-2nets-0cri-2sis */
		129,66,9,78,5,20,19,67,18,9,83,9,19,
		/* ka-2das-0traal */
		129,68,1,19,84,18,1,1,12,
		/* kalk-0laag */
		129,12,11,76,1,1,7,
		/* kam-2peer-0uit-2rust */
		129,13,80,5,5,18,85,9,20,82,21,19,20,
		/* kan-2ker-0ge-1zwel */
		129,14,75,5,18,71,5,90,23,5,12,
		/* kan-2toor-0uur */
		129,14,84,15,15,18,85,21,18,
		/* ka-2pi-2ta-2li-2sa-2tie */
		129,80,9,84,1,76,9,83,1,84,9,5,
		/* ka-2pi-2ta-2li-2seer */
		129,80,9,84,1,76,9,83,5,5,18,
		/* kap-2laars */
		129,16,76,1,1,18,19,
		/* ka-2rak-2ter-0ei-2gen-2schap */
		129,82,1,11,84,5,18,69,9,71,5,14,83,3,8,1,16,
		/* ka-2trol */
		129,84,18,15,12,
		/* ker-2ke-1lij-2ke */
		133,18,75,5,76,9,10,75,5,
		/* ker-2mis-0at-2trac-2tie */
		133,18,77,9,19,65,20,84,18,1,3,84,9,5,
		/* ker-2se-0pit */
		133,18,83,5,80,9,20,
		/* keu-2ken-0af-1val */
		133,21,75,5,14,65,6,86,1,12,
		/* keu-2ze-0com-2mis-2sie */
		133,21,90,5,67,15,13,77,9,19,83,9,5,
		/* kie-2vits-0ei */
		137,5,86,9,20,19,69,9,
		/* kie-2zel-0aard */
		137,5,90,5,12,65,1,18,4,
		/* ki-2lo-0watt-0uur */
		137,76,15,87,1,20,20,85,21,18,
		/* kip-0lek-2ker */
		137,16,76,5,11,75,5,18,
		/* klaar-0blij-2ke-1lijk */
		140,1,1,18,66,12,9,10,75,5,76,9,10,11,
		/* klaar-0blij-2ke-1lijk-1heid */
		140,1,1,18,66,12,9,10,75,5,76,9,10,11,72,5,9,4,
		/* klank-0vo-2lum */
		140,1,14,11,86,15,76,21,13,
		/* kla-2ter-0goud */
		140,1,84,5,18,71,15,21,4,
		/* kle-2ding-0stuk */
		140,5,68,9,14,7,83,20,21,11,
		/* klim-0op */
		140,9,13,79,16,
		/* klokh */
		140,15,11,8,
		/* klok-0uur */
		140,15,11,85,21,18,
		/* koek-0hap */
		143,5,11,72,1,16,
		/* koets-0paard */
		143,5,20,19,80,1,1,18,4,
		/* koets-0poort */
		143,5,20,19,80,15,15,18,20,
		/* kof-2fie-2zet-0ap-2pa-2raat */
		143,6,70,9,5,90,5,20,65,16,80,1,82,1,1,20,
		/* koks-0muts */
		143,11,19,77,21,20,19,
		/* kom-0aan */
		143,13,65,1,14,
		/* kom-0af */
		143,13,65,6,
		/* ko-2nij-2ne-0pijp */
		143,78,9,10,78,5,80,9,10,16,
		/* ko-2nin-2gin-2ne-0dag */
		143,78,9,14,71,9,14,78,5,68,1,7,
		/* kool-0mo-2noxyd */
		143,15,12,77,15,78,15,24,25,4,
		/* koos-2jer */
		143,15,19,74,5,18,
		/* kop-0licht */
		143,16,76,9,3,8,20,
		/* ko-2ren-0aar */
		143,82,5,14,65,1,18,
		/* kos-2te-1lijk */
		143,19,84,5,76,9,10,11,
		/* kos-2te-1loos */
		143,19,84,5,76,15,15,19,
		/* kos-2ten-0dekk */
		143,19,84,5,14,68,5,11,11,
		/* kos-2ten-0dra-2ger */
		143,19,84,5,14,68,18,1,71,5,18,
		/* kraal-0oog */
		146,1,1,12,79,15,7,
		/* krach-2ten-0veld */
		146,1,3,8,84,5,14,86,5,12,4,
		/* krake */
		146,1,11,5,
		/* krans-0slag-0a-4der */
		146,1,14,19,83,12,1,7,65,4,5,18,
		/* krijgs-0list */
		146,9,10,7,19,76,9,19,20,
		/* krijgs-0mans-0eer */
		146,9,10,7,19,77,1,14,19,69,5,18,
		/* krijt-0rots */
		146,9,10,20,82,15,20,19,
		/* kris-2tal */
		146,9,19,84,1,12,
		/* kris-2tal-1ach-3tig */
		146,9,19,84,1,12,65,3,8,84,9,7,
		/* krop-0ge-1zwel */
		146,15,16,71,5,90,23,5,12,
		/* krot-0op-1ruim */
		146,15,20,79,16,82,21,9,13,
		/* kruip-0ruimt */
		146,21,9,16,82,21,9,13,20,
		/* kruis-0be-1stuiv */
		146,21,9,19,66,5,83,20,21,9,22,
		/* kruis-0woord-0raad-2sel */
		146,21,9,19,87,15,15,18,4,82,1,1,4,83,5,12,
		/* kruk-0as */
		146,21,11,65,19,
		/* krul-0dis-2tel */
		146,21,12,68,9,19,84,5,12,
		/* kuife */
		149,9,6,5,
		/* kuif-0leeuw-2e-2rik */
		149,9,6,76,5,5,21,23,69,82,9,11,
		/* ku-2ras-2sier */
		149,82,1,19,83,9,5,18,
		/* kurk-0eik */
		149,18,11,69,9,11,
		/* kus-2sen-0sloop */
		149,19,83,5,14,83,12,15,15,16,
		/* kwa-2li-1teits-0con-1trol */
		151,1,76,9,84,5,9,20,19,67,15,14,84,18,15,12,
		/* kwa-2li-1teits-0eis */
		151,1,76,9,84,5,9,20,19,69,9,19,
		/* kwart-2jes-0vin-2der */
		151,1,18,20,74,5,19,86,9,14,68,5,18,
		/* kwis-2pel */
		151,9,19,80,5,12,
		/* kwis-2pel-0staart */
		151,9,19,80,5,12,83,20,1,1,18,20,
		/* laf-0aard */
		129,6,65,1,18,4,
		/* lamp-0licht */
		129,13,16,76,9,3,8,20,
		/* lams-0poot */
		129,13,19,80,15,15,20,
		/* land-0aard */
		129,14,4,65,1,18,4,
		/* land-2bouw-0e-4co-2no-2mie */
		129,14,4,66,15,21,23,69,3,15,78,15,77,9,5,
		/* land-2bouw-0in-1ge-2ni-2eur */
		129,14,4,66,15,21,23,73,14,71,5,78,9,69,21,18,
		/* land-0e-4del-0man */
		129,14,4,69,4,5,12,77,1,14,
		/* land-0ei-2ge-0naar */
		129,14,4,69,9,71,5,78,1,1,18,
		/* land-0engt */
		129,14,4,69,14,7,20,
		/* land-0ijs */
		129,14,4,73,10,19,
		/* land-0in-1waarts */
		129,14,4,73,14,87,1,1,18,20,19,
		/* land-2schap-0schil-2der */
		129,14,4,83,3,8,1,16,83,3,8,9,12,68,5,18,
		/* lands-0ta-2lig */
		129,14,4,19,84,1,76,9,7,
		/* lang-0sla-2per */
		129,14,7,83,12,1,80,5,18,
		/* lang-0speel-0plaat */
		129,14,7,83,16,5,5,12,80,12,1,1,20,
		/* lap-0lan-2der */
		129,16,76,1,14,68,5,18,
		/* las-2ten-0druk */
		129,19,84,5,14,68,18,21,11,
		/* las-2tig-0aard */
		129,19,84,9,7,65,1,18,4,
		/* leeg-0eet */
		133,5,7,69,5,20,
		/* leer-2ling-0stel-2sel */
		133,5,18,76,9,14,7,83,20,5,12,83,5,12,
		/* lees-0on-2der-0wijs */
		133,5,19,79,14,68,5,18,87,9,10,19,
		/* leeuw-2e-2rik */
		133,5,21,23,69,82,9,11,
		/* leeuw-1in */
		133,5,21,23,73,14,
		/* les-0uur */
		133,19,85,21,18,
		/* licht-0in-1val */
		137,3,8,20,73,14,86,1,12,
		/* licht-0ma-2troos */
		137,3,8,20,77,1,84,18,15,15,19,
		/* lif-2laf */
		137,6,76,1,6,
		/* lijf-0rent */
		137,10,6,82,5,14,20,
		/* lij-2ken-0huis */
		137,10,75,5,14,72,21,9,19,
		/* lij-2ken-0lucht */
		137,10,75,5,14,76,21,3,8,20,
		/* linguï */
		137,14,7,21,31,
		/* lin-2ker-0oe-2ver */
		137,14,75,5,18,79,5,86,5,18,
		/* links-0af */
		137,14,11,19,65,6,
		/* links-0om */
		137,14,11,19,79,13,
		/* lint-2jes-0reg */
		137,14,20,74,5,19,82,5,7,
		/* lip-0lees */
		137,16,76,5,5,19,
		/* lis-2pel */
		137,19,80,5,12,
		/* lok-0aas */
		143,11,65,1,19,
		/* loke */
		143,11,5,
		/* long-0em-2bo-2lie */
		143,14,7,69,13,66,15,76,9,5,
		/* long-0slag-0a-4der */
		143,14,7,83,12,1,7,65,4,5,18,
		/* loon-0eis */
		143,15,14,69,9,19,
		/* los-2jes-0weg */
		143,19,74,5,19,87,5,7,
		/* lucht-0es-2ka-2der */
		149,3,8,20,69,19,75,1,68,5,18,
		/* luch-2tig-2jes */
		149,3,8,84,9,7,74,5,19,
		/* lucht-0kas-2teel */
		149,3,8,20,75,1,19,84,5,5,12,
		/* lucht-0sluis */
		149,3,8,20,83,12,21,9,19,
		/* luid-0op */
		149,9,4,79,16,
		/* lu-2mi-2nes-2cen-2tie */
		149,77,9,78,5,19,67,5,14,84,9,5,
		/* lus-2te-1loos */
		149,19,84,5,76,15,15,19,
		/* lus-2te-1loos-1heid */
		149,19,84,5,76,15,15,19,72,5,9,4,
		/* lust-0oord */
		149,19,20,79,15,18,4,
		/* luxe-0ar-2ti-2kel */
		149,24,5,65,18,84,9,75,5,12,
		/* luxe-0au-2to */
		149,24,5,65,21,84,15,
		/* maag-0fis-2tel */
		129,1,7,70,9,19,84,5,12,
		/* maag-0o-4pe-2ra-2tie */
		129,1,7,79,16,5,82,1,84,9,5,
		/* ma-2chi-2ne-0pis-2tool */
		129,67,8,9,78,5,80,9,19,84,15,15,12,
		/* machts-0wel-2lus-2te-2ling */
		129,3,8,20,19,87,5,12,76,21,19,84,5,76,9,14,7,
		/* ma-2gis-2traal */
		129,71,9,19,84,18,1,1,12,
		/* ma-2ke-0laar-2dij */
		129,75,5,76,1,1,18,68,9,10,
		/* ma-2li-2ci-2eus */
		129,76,9,67,9,69,21,19,
		/* ma-2neu-2vreer */
		129,78,5,21,86,18,5,5,18,
		/* man-2grov */
		129,14,71,18,15,22,
		/* ma-2ni-2fes-2ta-2tie */
		129,78,9,70,5,19,84,1,84,9,5,
		/* man-2ne-2tjes-0put-2ter */
		129,14,78,5,84,10,5,19,80,21,20,84,5,18,
		/* Mantsjo */
		129,14,20,19,10,15,
		/* man-0uur */
		129,14,85,21,18,
		/* mars-0tem-2po */
		129,18,19,84,5,13,80,15,
		/* mas-2sa-0sprint */
		129,19,83,1,83,16,18,9,14,20,
		/* ma-2troos */
		129,84,18,15,15,19,
		/* maïs */
		129,31,19,
		/* maïs-0o-4lie */
		129,31,19,79,12,9,5,
		/* maïz-0e-4na */
		129,31,26,69,14,1,
		/* meel-1ach-3tig */
		133,5,12,65,3,8,84,9,7,
		/* mee-1rijd */
		133,5,82,9,10,4,
		/* meer-0traps-0ra-2ket */
		133,5,18,84,18,1,16,19,82,1,75,5,20,
		/* meest-0al */
		133,5,19,20,65,12,
		/* mee-1stem */
		133,5,83,20,5,13,
		/* mee-1stoof */
		133,5,83,20,15,15,6,
		/* mee-1strijd */
		133,5,83,20,18,9,10,4,
		/* mein-0e-4dig */
		133,9,14,69,4,9,7,
		/* mein-0eed */
		133,9,14,69,5,4,
		/* melk-0em-2mer */
		133,12,11,69,13,77,5,18,
		/* mens-0ont-1er */
		133,14,19,79,14,20,69,18,
		/* mens-0on-1waar-2dig */
		133,14,19,79,14,87,1,1,18,68,9,7,
		/* merk-0ar-2ti-2kel */
		133,18,11,65,18,84,9,75,5,12,
		/* met-2al-2de-2hyd */
		133,20,65,12,68,5,72,25,4,
		/* me-2thaan */
		133,84,8,1,1,14,
		/* mid-2dag-0et */
		137,4,68,1,7,69,20,
		/* mid-2dag-0uur */
		137,4,68,1,7,85,21,18,
		/* mid-2de-2laar-2schap */
		137,4,68,5,76,1,1,18,83,3,8,1,16,
		/* mid-2de-2la-2res */
		137,4,68,5,76,1,82,5,19,
		/* mid-2del-0eeuw-2er */
		137,4,68,5,12,69,5,21,23,69,18,
		/* mid-2de-2ler-0wijl */
		137,4,68,5,76,5,18,87,9,10,12,
		/* mid-2den-0in */
		137,4,68,5,14,73,14,
		/* mij-2nen-0veld */
		137,10,78,5,14,86,5,12,4,
		/* mijn-0in-1ge-2ni-2eur */
		137,10,14,73,14,71,5,78,9,69,21,18,
		/* mijn-0op-1rui-2mingsdien */
		137,10,14,79,16,82,21,9,77,9,14,7,19,4,9,5,14,
		/* mi-2lieu-0ver-1ont-2rei-2nig */
		137,76,9,5,21,86,5,18,79,14,20,82,5,9,78,9,7,
		/* mil-2joe-2nen-0er-2fe-2nis */
		137,12,74,15,5,78,5,14,69,18,70,5,78,9,19,
		/* mi-2ni-2mum-0eis */
		137,78,9,77,21,13,69,9,19,
		/* min-2ne-2tjes */
		137,14,78,5,84,10,5,19,
		/* mis-2tel */
		137,19,84,5,12,
		/* mo-2de-0snuf */
		143,68,5,83,14,21,6,
		/* moef-2lon */
		143,5,6,76,15,14,
		/* moe-2ge-0stred */
		143,5,71,5,83,20,18,5,4,
		/* moer-0staal */
		143,5,18,83,20,1,1,12,
		/* moe-0zjiek */
		143,5,90,10,9,5,11,
		/* mo-2len-0as */
		143,76,5,14,65,19,
		/* mo-2les-2ta-2tie */
		143,76,5,19,84,1,84,9,5,
		/* monddouch */
		143,14,4,4,15,21,3,8,
		/* mon-0niks-0pij */
		143,14,78,9,11,19,80,9,10,
		/* mon-2strans */
		143,14,83,20,18,1,14,19,
		/* mor-2gen-0uur */
		143,18,71,5,14,85,21,18,
		/* mos-0laag */
		143,19,76,1,1,7,
		/* muil-0e-4zel */
		149,9,12,69,26,5,12,
		/* mul-2ti-2na-2ti-2o-2naal */
		149,12,84,9,78,1,84,9,79,78,1,1,12,
		/* mul-2ti-2na-2ti-2o-2nal */
		149,12,84,9,78,1,84,9,79,78,1,12,
		/* naam-0af-1roep */
		129,1,13,65,6,82,15,5,16,
		/* naas-2ten-0liefd */
		129,1,19,84,5,14,76,9,5,6,4,
		/* naatj */
		129,1,20,10,
		/* nach-2te-0gaal */
		129,3,8,84,5,71,1,1,12,
		/* nach-2te-1lijk */
		129,3,8,84,5,76,9,10,11,
		/* na-2mid-2dag-0uur */
		129,77,9,4,68,1,7,85,21,18,
		/* nat-0reg */
		129,20,82,5,7,
		/* nauw-0lett */
		129,21,23,76,5,20,20,
		/* na-2vel-0staar-2de-2rij */
		129,86,5,12,83,20,1,1,18,68,5,82,9,10,
		/* Ne-2an-2der-2tha-2ler */
		133,65,14,68,5,18,84,8,1,76,5,18,
		/* neer-0lan-2dis-2tiek */
		133,5,18,76,1,14,68,9,19,84,9,5,11,
		/* neet-0oor */
		133,5,20,79,15,18,
		/* nes-2tel */
		133,19,84,5,12,
		/* neu-2root */
		133,21,82,15,15,20,
		/* neus-0a-4man-2del */
		133,21,19,65,13,1,14,68,5,12,
		/* ne-2ven-0inkom */
		133,86,5,14,73,14,11,15,13,
		/* ni-2co-2ti-2ne-0zuur-0a-4mid */
		137,67,15,84,9,78,5,90,21,21,18,65,13,9,4,
		/* nieuw-1ig-1heid */
		137,5,21,23,73,7,72,5,9,4,
		/* nij-0das-2sig */
		137,10,68,1,19,83,9,7,
		/* nij-2dig-0aard */
		137,10,68,9,7,65,1,18,4,
		/* niks-0nut */
		137,11,19,78,21,20,
		/* nog-0al */
		143,7,65,12,
		/* nok-2ken-0as */
		143,11,75,5,14,65,19,
		/* nood-0za-2ke-1lij-2ker-2wijs */
		143,15,4,90,1,75,5,76,9,10,75,5,18,87,9,10,19,
		/* nood-0za-2ke-1lij-2ker-2wijz */
		143,15,4,90,1,75,5,76,9,10,75,5,18,87,9,10,26,
		/* nor-0a-4dre-2na-2lin */
		143,18,65,4,18,5,78,1,76,9,14,
		/* Nuts-0lez */
		149,20,19,76,5,26,
		/* och-0arm */
		131,8,65,18,13,
		/* oer-0ge-1steent */
		133,18,71,5,83,20,5,5,14,20,
		/* oer-0os */
		133,18,79,19,
		/* o-4lie-0raf-2fi-2na-2de-2rij */
		140,9,5,82,1,6,70,9,78,1,68,5,82,9,10,
		/* o-4li-2fants-0tand */
		140,9,70,1,14,20,19,84,1,14,4,
		/* om-2me-0zwaai */
		141,77,5,90,23,1,1,9,
		/* om-1roep-0land */
		141,82,15,5,16,76,1,14,4,
		/* on-1be-2drieg-1lijk */
		142,66,5,68,18,9,5,7,76,9,10,11,
		/* on-1be-2ris-2pe-1lijk */
		142,66,5,82,9,19,80,5,76,9,10,11,
		/* on-1chris-2te-1lijk */
		142,67,8,18,9,19,84,5,76,9,10,11,
		/* on-1con-1ven-1tio-2neel */
		142,67,15,14,86,5,14,84,9,15,78,5,5,12,
		/* on-3der-1aards */
		142,68,5,18,65,1,18,4,19,
		/* on-3der-1houds-0mon-2teur */
		142,68,5,18,72,15,21,4,19,77,15,14,84,5,21,18,
		/* on-2der-0in */
		142,68,5,18,73,14,
		/* on-3der-1ne-2mers-0i-4ni-2ti-2a-2tief */
		142,68,5,18,78,5,77,5,18,19,73,14,9,84,9,65,84,9,5,6,
		/* on-3der-1pas-2toor */
		142,68,5,18,80,1,19,84,15,15,18,
		/* on-1door-0gron-2de-1lijk */
		142,68,15,15,18,71,18,15,14,68,5,76,9,10,11,
		/* on-1door-0gron-2de-1lijk-1heid */
		142,68,15,15,18,71,18,15,14,68,5,76,9,10,11,72,5,9,4,
		/* on-1ge-2lo-2fe-1lij-2ke */
		142,71,5,76,15,70,5,76,9,10,75,5,
		/* on-1ge-2loof-1lij-2ke */
		142,71,5,76,15,15,6,76,9,10,75,5,
		/* on-1ge-0uit */
		142,71,5,85,9,20,
		/* on-1ker-2ke-1lij-2ke */
		142,75,5,18,75,5,76,9,10,75,5,
		/* o-4no-2ma-2tope */
		142,15,77,1,84,15,16,5,
		/* on-1recht-0streeks */
		142,82,5,3,8,20,83,20,18,5,5,11,19,
		/* on-1spor-2tief */
		142,83,16,15,18,84,9,5,6,
		/* on-1sys-2te-2ma-2tisch */
		142,83,25,19,84,5,77,1,84,9,19,3,8,
		/* ont-1aard */
		142,20,65,1,18,4,
		/* ont-1dek-2kings-0reis */
		142,20,68,5,11,75,9,14,7,19,82,5,9,19,
		/* ont-1er */
		142,20,69,18,
		/* on-1te-2recht */
		142,84,5,82,5,3,8,20,
		/* on-1tie-2ge-1lijk */
		142,84,9,5,71,5,76,9,10,11,
		/* on-1toon-1baar */
		142,84,15,15,14,66,1,1,18,
		/* on-1troost-2baar */
		142,84,18,15,15,19,20,66,1,1,18,
		/* on-1trouw */
		142,84,18,15,21,23,
		/* ont-1stemd-1heid */
		142,20,83,20,5,13,4,72,5,9,4,
		/* on-1twij-2fel-2baar */
		142,84,23,9,10,70,5,12,66,1,1,18,
		/* on-1ver-2ge-1lij-2ke-1lijk */
		142,86,5,18,71,5,76,9,10,75,5,76,9,10,11,
		/* on-1weer-0sprok */
		142,87,5,5,18,83,16,18,15,11,
		/* on-2ze-0va-2der */
		142,90,5,86,1,68,5,18,
		/* oog-0o-4pe-2ra-2tie */
		143,7,79,16,5,82,1,84,9,5,
		/* oog-2ster */
		143,7,83,20,5,18,
		/* op-1eis */
		144,69,9,19,
		/* op-1eis-2baar */
		144,69,9,19,66,1,1,18,
		/* op-1le-2ve-2ring */
		144,76,5,86,5,82,9,14,7,
		/* op-1na-2me-0stu-2di-4o */
		144,78,1,77,5,83,20,21,68,9,15,
		/* opo */
		144,15,
		/* o-4pos-2sum */
		144,15,19,83,21,13,
		/* op-1pas-0cen-2tral */
		144,80,1,19,67,5,14,84,18,1,12,
		/* op-2per-0mach-2tig */
		144,80,5,18,77,1,3,8,84,9,7,
		/* op-1rijs */
		144,82,9,10,19,
		/* op-1slag-0loods */
		144,83,12,1,7,76,15,15,4,19,
		/* oud-0chris-2te-1lijk */
		149,4,67,8,18,9,19,84,5,76,9,10,11,
		/* ou-2de-0dags-0re-2serv */
		149,68,5,68,1,7,19,82,5,83,5,18,22,
		/* o-4ver-0al */
		150,5,18,65,12,
		/* o-4ver-1heids-0toe-2zicht */
		150,5,18,72,5,9,4,19,84,15,5,90,9,3,8,20,
		/* o-4ve-2ri-2gens */
		150,5,82,9,71,5,14,19,
		/* o-4ver-1le-2ve-2ring */
		150,5,18,76,5,86,5,82,9,14,7,
		/* o-4ver-1zichts-2ten-0toon-0stel-2ling */
		150,5,18,90,9,3,8,20,19,84,5,14,84,15,15,14,83,20,5,12,76,9,14,7,
		/* paas-0ei */
		129,1,19,69,9,
		/* pak-0ijs */
		129,11,73,10,19,
		/* pan-0a-4me-2ri-2kaans */
		129,14,65,13,5,82,9,75,1,1,14,19,
		/* pan-0eu-2ro-2pees */
		129,14,69,21,82,15,80,5,5,19,
		/* pan-2ne-2spons */
		129,14,78,5,83,16,15,14,19,
		/* pan-2to-2mim */
		129,14,84,15,77,9,13,
		/* pa-2ral-2lel-2le-0pi-2pe-2dum */
		129,82,1,12,76,5,12,76,5,80,9,80,5,68,21,13,
		/* pa-2ro-2di-2eer */
		129,82,15,68,9,69,5,18,
		/* pas-0con-1trol */
		129,19,67,15,14,84,18,15,12,
		/* pas-0kwil */
		129,19,75,23,9,12,
		/* pas-0poort */
		129,19,80,15,15,18,20,
		/* pas-2sa-2giers-0trein */
		129,19,83,1,71,9,5,18,19,84,18,5,9,14,
		/* pa-2the-2foon */
		129,84,8,5,70,15,15,14,
		/* pa-2ti-2na */
		129,84,9,78,1,
		/* pa-2trijs-0poort */
		129,84,18,9,10,19,80,15,15,18,20,
		/* pe-2des-2tal */
		133,68,5,19,84,1,12,
		/* peet-0oom */
		133,5,20,79,15,13,
		/* per-1o-2ra-2tie */
		133,18,79,82,1,84,9,5,
		/* per-1o-2reer */
		133,18,79,82,5,5,18,
		/* pers-0at-2ta-2ché */
		133,18,19,65,20,84,1,67,8,35,
		/* pers-0chef */
		133,18,19,67,8,5,6,
		/* pers-2pex */
		133,18,19,80,5,24,
		/* piek-0uur */
		137,5,11,85,21,18,
		/* Pie-2ters-0penn */
		137,5,84,5,18,19,80,5,14,14,
		/* pijl-0staart-0rog */
		137,10,12,83,20,1,1,18,20,82,15,7,
		/* pijp-0aard */
		137,10,16,65,1,18,4,
		/* pij-2pe-0stro */
		137,10,80,5,83,20,18,15,
		/* pijp-0ro-2ker */
		137,10,16,82,15,75,5,18,
		/* pik-0hou-2weel */
		137,11,72,15,21,87,5,5,12,
		/* pink-0ring */
		137,14,11,82,9,14,7,
		/* pit-2riet */
		137,20,82,9,5,20,
		/* plaat-0staal */
		140,1,1,20,83,20,1,1,12,
		/* plak-0let-2ter */
		140,1,11,76,5,20,84,5,18,
		/* plank-0hard */
		140,1,14,11,72,1,18,4,
		/* plan-2ten-0et */
		140,1,14,84,5,14,69,20,
		/* plan-2te-0soort */
		140,1,14,84,5,83,15,15,18,20,
		/* plat-0strijk */
		140,1,20,83,20,18,9,10,11,
		/* pla-0vei-2sel */
		140,1,86,5,9,83,5,12,
		/* ploe-2gen-0tijd-0rit */
		140,15,5,71,5,14,84,9,10,4,82,9,20,
		/* poes-2je-2nel */
		143,5,19,74,5,78,5,12,
		/* poets-2lap */
		143,5,20,19,76,1,16,
		/* pols-0slag-0a-4der */
		143,12,19,83,12,1,7,65,4,5,18,
		/* pols-0tas */
		143,12,19,84,1,19,
		/* po-2ly-2styre */
		143,76,25,83,20,25,18,5,
		/* pool-0ijs */
		143,15,12,73,10,19,
		/* poot-0aard-0ap-2pel */
		143,15,20,65,1,18,4,65,16,80,5,12,
		/* pop-2i-2dool */
		143,16,73,68,15,15,12,
		/* por-2se-2lein-0aard */
		143,18,83,5,76,5,9,14,65,1,18,4,
		/* por-2tiers-0pet */
		143,18,84,9,5,18,19,80,5,20,
		/* pos-2til-2jon */
		143,19,84,9,12,74,15,14,
		/* pot-0aard */
		143,20,65,1,18,4,
		/* pot-0as */
		143,20,65,19,
		/* praat-0show */
		146,1,1,20,83,8,15,23,
		/* pres-2ta-2tie-0dwang */
		146,5,19,84,1,84,9,5,68,23,1,14,7,
		/* prijs-0con-1trol */
		146,9,10,19,67,15,14,84,18,15,12,
		/* prik-0ac-2tie */
		146,9,11,65,3,84,9,5,
		/* prik-0li-2mo-2nad */
		146,9,11,76,9,77,15,78,1,4,
		/* pri-2mor-2di-2aal */
		146,9,77,15,18,68,9,65,1,12,
		/* prins-2jes-0dag */
		146,9,14,19,74,5,19,68,1,7,
		/* pri-2vaat-0rech-2te-1lijk */
		146,9,86,1,1,20,82,5,3,8,84,5,76,9,10,11,
		/* proef-0les */
		146,15,5,6,76,5,19,
		/* proef-0le-2zer */
		146,15,5,6,76,5,90,5,18,
		/* proef-0rit */
		146,15,5,6,82,9,20,
		/* pro-1ges-0ta-2tief */
		146,15,71,5,19,84,1,84,9,5,6,
		/* pro-1jec-2teer */
		146,15,74,5,3,84,5,5,18,
		/* pro-1le-2te-2rig */
		146,15,76,5,84,5,82,9,7,
		/* pro-1me-2na-2de-0con-1cert */
		146,15,77,5,78,1,68,5,67,15,14,67,5,18,20,
		/* pro-1mo-2ven-2dus */
		146,15,77,15,86,5,14,68,21,19,
		/* pro-1test-0ac-2tie */
		146,15,84,5,19,20,65,3,84,9,5,
		/* prui-2me-0pit */
		146,21,9,77,5,80,9,20,
		/* psal-2mo-2di-2eer */
		147,1,12,77,15,68,9,69,5,18,
		/* psy-2choot */
		147,25,67,8,15,15,20,
		/* puil-0oog */
		149,9,12,79,15,7,
		/* pul-2ve-2ri-2seer */
		149,12,86,5,82,9,83,5,5,18,
		/* pun-2te-2slij-2per */
		149,14,84,5,83,12,9,10,80,5,18,
		/* punt-0ha-2mer */
		149,14,20,72,1,77,5,18,
		/* ra-2dar-0con-1trol */
		129,68,1,18,67,15,14,84,18,15,12,
		/* raf-2fi-2na-2de-2rij */
		129,6,70,9,78,1,68,5,82,9,10,
		/* ragtim */
		129,7,20,9,13,
		/* ran-2geer-0em-2pla-2ce-2ment */
		129,14,71,5,5,18,69,13,80,12,1,67,5,77,5,14,20,
		/* rang-0ord */
		129,14,7,79,18,4,
		/* ras-2sen-0dis-2cri-2mi-2na-2tie */
		129,19,83,5,14,68,9,19,67,18,9,77,9,78,1,84,9,5,
		/* ras-2sen-0on-2lust */
		129,19,83,5,14,79,14,76,21,19,20,
		/* ra-2ve-0zwart */
		129,86,5,90,23,1,18,20,
		/* re-1ac-2tie-0snel-1heid */
		133,65,3,84,9,5,83,14,5,12,72,5,9,4,
		/* recht-0aan */
		133,3,8,20,65,1,14,
		/* rech-2ter-0oe-2ver */
		133,3,8,84,5,18,79,5,86,5,18,
		/* recht-0op */
		133,3,8,20,79,16,
		/* recht-0spraak */
		133,3,8,20,83,16,18,1,1,11,
		/* recht-0spreek */
		133,3,8,20,83,16,18,5,5,11,
		/* recht-0sta */
		133,3,8,20,83,20,1,
		/* recht-0stan-2dig */
		133,3,8,20,83,20,1,14,68,9,7,
		/* recht-0streeks */
		133,3,8,20,83,20,18,5,5,11,19,
		/* recht-0uit */
		133,3,8,20,85,9,20,
		/* red-2ding-0sloep */
		133,4,68,9,14,7,83,12,15,5,16,
		/* re-2de-2naars-0tal */
		133,68,5,78,1,1,18,19,84,1,12,
		/* re-1de-0twist */
		133,68,5,84,23,9,19,20,
		/* re-1fe-2ren-2tie-0ka-2der */
		133,70,5,82,5,14,84,9,5,75,1,68,5,18,
		/* re-1ge-2rings-0ju-2bi-2le-2um */
		133,71,5,82,9,14,7,19,74,21,66,9,76,5,85,13,
		/* re-1gis-2ter-0ac-2coun-2tant */
		133,71,9,19,84,5,18,65,3,67,15,21,14,84,1,14,20,
		/* reis-0a-4po-2theek */
		133,9,19,65,16,15,84,8,5,5,11,
		/* reis-0her-1in-2ne-2ring */
		133,9,19,72,5,18,73,14,78,5,82,9,14,7,
		/* reis-0tas */
		133,9,19,84,1,19,
		/* re-1li-2kwie */
		133,76,9,75,23,9,5,
		/* re-1mi-2nis-2cen-2tie */
		133,77,9,78,9,19,67,5,14,84,9,5,
		/* rich-2tings-2roer */
		137,3,8,84,9,14,7,19,82,15,5,18,
		/* rijg-0laars */
		137,10,7,76,1,1,18,19,
		/* rijk-0aard */
		137,10,11,65,1,18,4,
		/* rijks-0we-2gen-0fonds */
		137,10,11,19,87,5,71,5,14,70,15,14,4,19,
		/* rijn-0aak */
		137,10,14,65,1,11,
		/* rijs-2te-0meel */
		137,10,19,84,5,77,5,5,12,
		/* rij-0strook */
		137,10,83,20,18,15,15,11,
		/* rij-2tjes-0huis */
		137,10,84,10,5,19,72,21,9,19,
		/* ro-2bin-0so-2nad */
		143,66,9,14,83,15,78,1,4,
		/* roei-0spaan */
		143,5,9,83,16,1,1,14,
		/* roer-0ei */
		143,5,18,69,9,
		/* rog-2ge-0stro */
		143,7,71,5,83,20,18,15,
		/* ron-2de-0dans */
		143,14,68,5,68,1,14,19,
		/* ron-0deel */
		143,14,68,5,5,12,
		/* rond-0om */
		143,14,4,79,13,
		/* roof-0rid-2der */
		143,15,6,82,9,4,68,5,18,
		/* rook-0ar-2ti-2kel */
		143,15,11,65,18,84,9,75,5,12,
		/* room-0ijs */
		143,15,13,73,10,19,
		/* rots-0plant */
		143,20,19,80,12,1,14,20,
		/* rots-0tuin */
		143,20,19,84,21,9,14,
		/* rug-0leun */
		149,7,76,5,21,14,
		/* ruim-2te-0sta-2ti-2on */
		149,9,13,84,5,83,20,1,84,9,79,14,
		/* rui-2ten-0aas */
		149,9,84,5,14,65,1,19,
		/* rus-2te-1loos */
		149,19,84,5,76,15,15,19,
		/* rus-2te-1loos-1heid */
		149,19,84,5,76,15,15,19,72,5,9,4,
		/* rust-0oord */
		149,19,20,79,15,18,4,
		/* rust-0uur */
		149,19,20,85,21,18,
		/* ruw-0aard */
		149,23,65,1,18,4,
		/* rück-0sichts-2los */
		158,3,11,83,9,3,8,20,19,76,15,19,
		/* sa-2do-0ma-2so-2chis-2me */
		129,68,15,77,1,83,15,67,8,9,19,77,5,
		/* sal-2pe-2ter */
		129,12,80,5,84,5,18,
		/* sal-2pe-2ter-0zuur */
		129,12,80,5,84,5,18,90,21,21,18,
		/* sant-2je */
		129,14,20,74,5,
		/* sant-2jes */
		129,14,20,74,5,19,
		/* sa-2traap */
		129,84,18,1,1,16,
		/* schaal-0ver-1grot */
		131,8,1,1,12,86,5,18,71,18,15,20,
		/* scha-2de-0post */
		131,8,1,68,5,80,15,19,20,
		/* schaft-0uur */
		131,8,1,6,20,85,21,18,
		/* schap-2raai */
		131,8,1,16,82,1,1,9,
		/* scheids-0muur */
		131,8,5,9,4,19,77,21,21,18,
		/* sche-2mer-0uur */
		131,8,5,77,5,18,85,21,18,
		/* schep-0rad */
		131,8,5,16,82,1,4,
		/* schijf-2rem */
		131,8,9,10,6,82,5,13,
		/* schil-2der-0stuk */
		131,8,9,12,68,5,18,83,20,21,11,
		/* schol-0ek-2ster */
		131,8,15,12,69,11,83,20,5,18,
		/* school-0va-2kan-2tie */
		131,8,15,15,12,86,1,75,1,14,84,9,5,
		/* schoon-0maak-0ar-2ti-2kel */
		131,8,15,15,14,77,1,1,11,65,18,84,9,75,5,12,
		/* scho-2tel-0an-2tenn */
		131,8,15,84,5,12,65,14,84,5,14,14,
		/* schou-2der-0op-1hal */
		131,8,15,21,68,5,18,79,16,72,1,12,
		/* schreeuw-2er */
		131,8,18,5,5,21,23,69,18,
		/* schreeuw-2erd */
		131,8,18,5,5,21,23,69,18,4,
		/* schreeuw-2e-2rig */
		131,8,18,5,5,21,23,69,82,9,7,
		/* schuif-2la */
		131,8,21,9,6,76,1,
		/* schuif-2lad */
		131,8,21,9,6,76,1,4,
		/* schuins-0mar-2cheer-2der */
		131,8,21,9,14,19,77,1,18,67,8,5,5,18,68,5,18,
		/* schuld-0ei-2ser */
		131,8,21,12,4,69,9,83,5,18,
		/* schuts-0pa-2tro-2nes */
		131,8,21,20,19,80,1,84,18,15,78,5,19,
		/* schut-2ters-0put */
		131,8,21,20,84,5,18,19,80,21,20,
		/* se-2gre-2geer */
		133,71,18,5,71,5,5,18,
		/* sfinx-1ach-3tig */
		134,9,14,24,65,3,8,84,9,7,
		/* sid-2der-0aal */
		137,4,68,5,18,65,1,12,
		/* sier-0be-1strat */
		137,5,18,66,5,83,20,18,1,20,
		/* slaap-0ka-2mer-0a-4meu-2ble-2ment */
		140,1,1,16,75,1,77,5,18,65,13,5,21,66,12,5,77,5,14,20,
		/* slaap-0rij-2tuig */
		140,1,1,16,82,9,10,84,21,9,7,
		/* slacht-0af-1val */
		140,1,3,8,20,65,6,86,1,12,
		/* slag-0a-4der */
		140,1,7,65,4,5,18,
		/* slag-0a-4der-1lijk */
		140,1,7,65,4,5,18,76,9,10,11,
		/* sla-2gers-0mes */
		140,1,71,5,18,19,77,5,19,
		/* slag-0ord */
		140,1,7,79,18,4,
		/* slecht-0aard */
		140,5,3,8,20,65,1,18,4,
		/* slecht-0hor */
		140,5,3,8,20,72,15,18,
		/* sle-2pers-0paard */
		140,5,80,5,18,19,80,1,1,18,4,
		/* slin-2ger-0aap */
		140,9,14,71,5,18,65,1,16,
		/* slin-2ger-0uur-0werk */
		140,9,14,71,5,18,85,21,18,87,5,18,11,
		/* slobe */
		140,15,2,5,
		/* slok-0op */
		140,15,11,79,16,
		/* smal-2le-2tjes */
		141,1,12,76,5,84,10,5,19,
		/* smies-2pel */
		141,9,5,19,80,5,12,
		/* smul-2paap */
		141,21,12,80,1,1,16,
		/* sneeuw-0kris-2tal */
		142,5,5,21,23,75,18,9,19,84,1,12,
		/* snel-1heids-0con-1trol */
		142,5,12,72,5,9,4,19,67,15,14,84,18,15,12,
		/* snoep-0reis */
		142,15,5,16,82,5,9,19,
		/* snood-0aard */
		142,15,15,4,65,1,18,4,
		/* sok-0op-1hou-2der */
		143,11,79,16,72,15,21,68,5,18,
		/* so-2noor */
		143,78,15,15,18,
		/* so-2phis-2ti-2cat-1ed */
		143,80,8,9,19,84,9,67,1,20,69,4,
		/* speek-2sel-0af-1scheid */
		144,5,5,11,83,5,12,65,6,83,3,8,5,9,4,
		/* speel-0uur */
		144,5,5,12,85,21,18,
		/* spek-0laag */
		144,5,11,76,1,1,7,
		/* spek-0lap */
		144,5,11,76,1,16,
		/* spie-2gel-0ei */
		144,9,5,71,5,12,69,9,
		/* spier-0a-4tro-2fie */
		144,9,5,18,65,20,18,15,70,9,5,
		/* spijt-0op-1tant */
		144,9,10,20,79,16,84,1,14,20,
		/* spits-0uur */
		144,9,20,19,85,21,18,
		/* spoed-0o-4pe-2ra-2tie */
		144,15,5,4,79,16,5,82,1,84,9,5,
		/* spook-0uur */
		144,15,15,11,85,21,18,
		/* sport-0e-4ve-2ne-2ment */
		144,15,18,20,69,22,5,78,5,77,5,14,20,
		/* spreek-0uur */
		144,18,5,5,11,85,21,18,
		/* spring-0lad */
		144,18,9,14,7,76,1,4,
		/* sprink-0ha-2nen-0plaag */
		144,18,9,14,11,72,1,78,5,14,80,12,1,1,7,
		/* spuug-2le-1lijk */
		144,21,21,7,76,5,76,9,10,11,
		/* spuug-0lok */
		144,21,21,7,76,15,11,
		/* staaf-0lan-2taarn */
		148,1,1,6,76,1,14,84,1,1,18,14,
		/* staats-0con-1trol */
		148,1,1,20,19,67,15,14,84,18,15,12,
		/* staat-2sie-0be-1zoek */
		148,1,1,20,83,9,5,66,5,90,15,5,11,
		/* staats-0mo-2no-2po-2lie */
		148,1,1,20,19,77,15,78,15,80,15,76,9,5,
		/* sta-2kings-0op-1roep */
		148,1,75,9,14,7,19,79,16,82,15,5,16,
		/* stap-0hor-2ster */
		148,1,16,72,15,18,83,20,5,18,
		/* sta-2ti-2on */
		148,1,84,9,79,14,
		/* sterf-0uur */
		148,5,18,6,85,21,18,
		/* ster-2vens-0uur */
		148,5,18,86,5,14,19,85,21,18,
		/* steun-0ac-2tie */
		148,5,21,14,65,3,84,9,5,
		/* stil-0aan */
		148,9,12,65,1,14,
		/* stil-2le-2tjes */
		148,9,12,76,5,84,10,5,19,
		/* stoelt-2jes-0klok */
		148,15,5,12,20,74,5,19,75,12,15,11,
		/* stoelt-2jes-0lift */
		148,15,5,12,20,74,5,19,76,9,6,20,
		/* stoet-0has-2pel */
		148,15,5,20,72,1,19,80,5,12,
		/* stoet-0has-2pe-2lig */
		148,15,5,20,72,1,19,80,5,76,9,7,
		/* stof-0long */
		148,15,6,76,15,14,7,
		/* stok-0oud */
		148,15,11,79,21,4,
		/* stol-2lings-0ge-1steent */
		148,15,12,76,9,14,7,19,71,5,83,20,5,5,14,20,
		/* stook-2hok */
		148,15,15,11,72,15,11,
		/* straal-0be-1zo-2pen */
		148,18,1,1,12,66,5,90,15,80,5,14,
		/* straat-0ac-2tie */
		148,18,1,1,20,65,3,84,9,5,
		/* streek-0mu-2se-2um */
		148,18,5,5,11,77,21,83,5,85,13,
		/* strep-2to-2my-2cin */
		148,18,5,16,84,15,77,25,67,9,14,
		/* strijd-2ros */
		148,18,9,10,4,82,15,19,
		/* strotj */
		148,18,15,20,10,
		/* struik-2hei */
		148,18,21,9,11,72,5,9,
		/* stu-2ka */
		148,21,75,1,
		/* stu-2ka-2door */
		148,21,75,1,68,15,15,18,
		/* su-2biet */
		149,66,9,5,20,
		/* sub-2si-2di-2eer */
		149,2,83,9,68,9,69,5,18,
		/* sui-2ker-0oom */
		149,9,75,5,18,79,15,13,
		/* sui-2ker-0raf-2fi-2na-2de-2rij */
		149,9,75,5,18,82,1,6,70,9,78,1,68,5,82,9,10,
		/* su-3per-1in-2tend */
		149,80,5,18,73,14,84,5,14,4,
		/* su-3per-1vi-2seer */
		149,80,5,18,86,9,83,5,5,18,
		/* syn-2chroon */
		153,14,67,8,18,15,15,14,
		/* syn-1er-2gie */
		153,14,69,18,71,9,5,
		/* syn-1es-2the-2sie */
		153,14,69,19,84,8,5,83,9,5,
		/* taak-0uur */
		129,1,11,85,21,18,
		/* tan-2den-0ge-1knars */
		129,14,68,5,14,71,5,75,14,1,18,19,
		/* teel-0aard */
		133,5,12,65,1,18,4,
		/* te-2gen-0eis */
		133,71,5,14,69,9,19,
		/* te-2gen-0in */
		133,71,5,14,73,14,
		/* te-2gen-0pres-2ta-2tie */
		133,71,5,14,80,18,5,19,84,1,84,9,5,
		/* te-2lex-0ap-2pa-2raat */
		133,76,5,24,65,16,80,1,82,1,1,20,
		/* ten-2las-2te-0legg */
		133,14,76,1,19,84,5,76,5,7,7,
		/* ter-0be-1schik-2king-0stel-2ling */
		133,18,66,5,83,3,8,9,11,75,9,14,7,83,20,5,12,76,9,14,7,
		/* te-0recht-0wijs */
		133,82,5,3,8,20,87,9,10,19,
		/* te-0rug-0eis */
		133,82,21,7,69,9,19,
		/* test-0rij-2der */
		133,19,20,82,9,10,68,5,18,
		/* tex-2tiel-0nij-0ver-1heid */
		133,24,84,9,5,12,78,9,10,86,5,18,72,5,9,4,
		/* tijd-0sein */
		137,10,4,83,5,9,14,
		/* tijd-0spann */
		137,10,4,83,16,1,14,14,
		/* tijd-0spie-2gel */
		137,10,4,83,16,9,5,71,5,12,
		/* tijd-0stip */
		137,10,4,83,20,9,16,
		/* tijd-0stroom */
		137,10,4,83,20,18,15,15,13,
		/* tim-2mer-2mans-0pot-0lood */
		137,13,77,5,18,77,1,14,19,80,15,20,76,15,15,4,
		/* tjif-0tjaf */
		138,9,6,84,10,1,6,
		/* tji-0tjak */
		138,9,84,10,1,11,
		/* toe-2gangs-0poort */
		143,5,71,1,14,7,19,80,15,15,18,20,
		/* toe-0la-2tings-0eis */
		143,5,76,1,84,9,14,7,19,69,9,19,
		/* toe-0le-2ver-1ings-0be-1drijf */
		143,5,76,5,86,5,18,73,14,7,19,66,5,68,18,9,10,6,
		/* toon-0aard */
		143,15,14,65,1,18,4,
		/* top-0pres-2ta-2tie */
		143,16,80,18,5,19,84,1,84,9,5,
		/* tour-0o-4pe-2ra-2tor */
		143,21,18,79,16,5,82,1,84,15,18,
		/* touw-1tje-0spring */
		143,21,23,84,10,5,83,16,18,9,14,7,
		/* to-2ve-2res */
		143,86,5,82,5,19,
		/* trans-1con-1ti-2nen-2taal */
		146,1,14,19,67,15,14,84,9,78,5,14,84,1,1,12,
		/* tran-2sept */
		146,1,14,83,5,16,20,
		/* trap-0naai-0ma-2chin */
		146,1,16,78,1,1,9,77,1,67,8,9,14,
		/* troef-0aas */
		146,15,5,6,65,1,19,
		/* trom-0ge-1rof-2fel */
		146,15,13,71,5,82,15,6,70,5,12,
		/* troons-0be-1stijg */
		146,15,15,14,19,66,5,83,20,9,10,7,
		/* troos-2te-1loos */
		146,15,15,19,84,5,76,15,15,19,
		/* troos-2te-1loos-1heid */
		146,15,15,19,84,5,76,15,15,19,72,5,9,4,
		/* tro-2pen-0uit-2rust */
		146,15,80,5,14,85,9,20,82,21,19,20,
		/* tsee-2tsee-0vlieg */
		147,5,5,84,19,5,5,86,12,9,5,7,
		/* tuin-0aard */
		149,9,14,65,1,18,4,
		/* tus-2sen-0in */
		149,19,83,5,14,73,14,
		/* tus-2sen-0sta-2ti-2on */
		149,19,83,5,14,83,20,1,84,9,79,14,
		/* tu-2toy-1eer */
		149,84,15,25,69,5,18,
		/* twaalf-0uur-2tje */
		151,1,1,12,6,85,21,18,84,10,5,
		/* ty-2peer */
		153,80,5,5,18,
		/* ty-2pe-2ring */
		153,80,5,82,9,14,7,
		/* ui-2ten-0treur */
		137,84,5,14,84,18,5,21,18,
		/* ui-2ter-0aard */
		137,84,5,18,65,1,18,4,
		/* uit-2vals-0poort */
		137,20,86,1,12,19,80,15,15,18,20,
		/* va-2ca-2tu-2re-0stop */
		129,67,1,84,21,82,5,83,20,15,16,
		/* vak-0bek-2waam */
		129,11,66,5,11,87,1,1,13,
		/* vak-0tijd-0schrift */
		129,11,84,9,10,4,83,3,8,18,9,6,20,
		/* vals-0aard */
		129,12,19,65,1,18,4,
		/* va-2nil-2le-0vla */
		129,78,9,12,76,5,86,12,1,
		/* vas-2ten-0a-4vond */
		129,19,84,5,14,65,22,15,14,4,
		/* vecht-0sport */
		133,3,8,20,83,16,15,18,20,
		/* veel-0al */
		133,5,12,65,12,
		/* veel-0eer */
		133,5,12,69,5,18,
		/* veen-0ach-2tig */
		133,5,14,65,3,8,84,9,7,
		/* veer-2tig-0u-4rig */
		133,5,18,84,9,7,85,18,9,7,
		/* vei-2lig-1heids-0pal */
		133,9,76,9,7,72,5,9,4,19,80,1,12,
		/* veld-0leeuw-2e-2rik */
		133,12,4,76,5,5,21,23,69,82,9,11,
		/* veld-0rit */
		133,12,4,82,9,20,
		/* ver-1ach-3te-1lijk */
		133,18,65,3,8,84,5,76,9,10,11,
		/* ver-1band-0wat */
		133,18,66,1,14,4,87,1,20,
		/* ver-1der-0op */
		133,18,68,5,18,79,16,
		/* ver-1eeuw-1ig */
		133,18,69,5,21,23,73,7,
		/* ver-1ei */
		133,18,69,9,
		/* ver-1eis */
		133,18,69,9,19,
		/* ve-2ren-0kleed */
		133,82,5,14,75,12,5,5,4,
		/* ver-1e-2rens-0waar-2dig */
		133,18,69,82,5,14,19,87,1,1,18,68,9,7,
		/* verf-0laag */
		133,18,6,76,1,1,7,
		/* ver-1geet-1ach-3tig */
		133,18,71,5,5,20,65,3,8,84,9,7,
		/* ver-1geet-1ach-3tig-1heid */
		133,18,71,5,5,20,65,3,8,84,9,7,72,5,9,4,
		/* ver-1ge-1lij-2ken-2der-2wijs */
		133,18,71,5,76,9,10,75,5,14,68,5,18,87,9,10,19,
		/* ver-1has-2pel */
		133,18,72,1,19,80,5,12,
		/* ver-1ijs */
		133,18,73,10,19,
		/* ver-1jaars-0ca-2deau */
		133,18,74,1,1,18,19,67,1,68,5,1,21,
		/* ver-1keers-0con-1trol */
		133,18,75,5,5,18,19,67,15,14,84,18,15,12,
		/* ver-1kie-2zings-0leus */
		133,18,75,9,5,90,9,14,7,19,76,5,21,19,
		/* ver-1mi-2cel-2li-0soep */
		133,18,77,9,67,5,12,76,9,83,15,5,16,
		/* ver-1nes-2tel */
		133,18,78,5,19,84,5,12,
		/* ver-1nieuw-1er */
		133,18,78,9,5,21,23,69,18,
		/* ver-1o-2ve-2raar-2ster */
		133,18,79,86,5,82,1,1,18,83,20,5,18,
		/* ver-1o-2ve-2rings-0oor-2log */
		133,18,79,86,5,82,9,14,7,19,79,15,18,76,15,7,
		/* ver-1sjteer */
		133,18,83,10,20,5,5,18,
		/* ver-1sluis */
		133,18,83,12,21,9,19,
		/* vers-0re-2gel */
		133,18,19,82,5,71,5,12,
		/* ver-1trou-2wens-0cri-2sis */
		133,18,84,18,15,21,87,5,14,19,67,18,9,83,9,19,
		/* ver-1volg-0on-3der-1wijs */
		133,18,86,15,12,7,79,14,68,5,18,87,9,10,19,
		/* ver-1waand-1heid */
		133,18,87,1,1,14,4,72,5,9,4,
		/* ver-1zin-2sel */
		133,18,90,9,14,83,5,12,
		/* ves-2ti-2gings-0eis */
		133,19,84,9,71,9,14,7,19,69,9,19,
		/* ves-2ting-0stad */
		133,19,84,9,14,7,83,20,1,4,
		/* vie-2ren-2deel */
		137,5,82,5,14,68,5,5,12,
		/* vi-2sa-2gist */
		137,83,1,71,9,19,20,
		/* vi-2seer */
		137,83,5,5,18,
		/* vis-2sers-0pink */
		137,19,83,5,18,19,80,9,14,11,
		/* vlak-0af */
		140,1,11,65,6,
		/* vlieg-0va-2kan-2tie */
		140,9,5,7,86,1,75,1,14,84,9,5,
		/* voet-0bal-0elf-0tal */
		143,5,20,66,1,12,69,12,6,84,1,12,
		/* volg-0au-2to */
		143,12,7,65,21,84,15,
		/* volg-0num-2mer */
		143,12,7,78,21,13,77,5,18,
		/* volg-0ord */
		143,12,7,79,18,4,
		/* volg-0rij-2tuig */
		143,12,7,82,9,10,84,21,9,7,
		/* volg-0sta-2ti-2on */
		143,12,7,83,20,1,84,9,79,14,
		/* volk-0rijk */
		143,12,11,82,9,10,11,
		/* volks-0aard */
		143,12,11,19,65,1,18,4,
		/* volks-0geest */
		143,12,11,19,71,5,5,19,20,
		/* volks-0klas */
		143,12,11,19,75,12,1,19,
		/* volks-0par-2tij */
		143,12,11,19,80,1,18,84,9,10,
		/* volks-0recht */
		143,12,11,19,82,5,3,8,20,
		/* volks-0taal */
		143,12,11,19,84,1,1,12,
		/* vol-2ley-0bal */
		143,12,76,5,25,66,1,12,
		/* vol-2ma-2troos */
		143,12,77,1,84,18,15,15,19,
		/* vol-0uit */
		143,12,85,9,20,
		/* vo-2luut */
		143,76,21,21,20,
		/* voor-0al */
		143,15,18,65,12,
		/* voor-0al-0eer */
		143,15,18,65,12,69,5,18,
		/* voor-0als-0nog */
		143,15,18,65,12,19,78,15,7,
		/* voor-0chris-2te-1lijk */
		143,15,18,67,8,18,9,19,84,5,76,9,10,11,
		/* voor-0in */
		143,15,18,73,14,
		/* voor-0jaars-0no-2ta */
		143,15,18,74,1,1,18,19,78,15,84,1,
		/* voort-0help */
		143,15,18,20,72,5,12,16,
		/* voort-0ijl */
		143,15,18,20,73,10,12,
		/* voort-0jaag */
		143,15,18,20,74,1,1,7,
		/* voort-0re-2de-2neer */
		143,15,18,20,82,5,68,5,78,5,5,18,
		/* voort-0rijd */
		143,15,18,20,82,9,10,4,
		/* voort-0woe-2ker */
		143,15,18,20,87,15,5,75,5,18,
		/* voor-0vecht-2ster */
		143,15,18,86,5,3,8,20,83,20,5,18,
		/* vra-2gen-0uur */
		146,1,71,5,14,85,21,18,
		/* vre-2des-0a-4pos-2tel */
		146,5,68,5,19,65,16,15,19,84,5,12,
		/* vrij-4e-0tijds-0be-1sted */
		146,9,10,5,84,9,10,4,19,66,5,83,20,5,4,
		/* vrij-0han-2del-0stel-2sel */
		146,9,10,72,1,14,68,5,12,83,20,5,12,83,5,12,
		/* vroeg-0chris-2te-1lijk */
		146,15,5,7,67,8,18,9,19,84,5,76,9,10,11,
		/* waar-0in */
		129,1,18,73,14,
		/* wacht-0hok */
		129,3,8,20,72,15,11,
		/* wa-2djan */
		129,68,10,1,14,
		/* wa-2ter-0ijs */
		129,84,5,18,73,10,19,
		/* wa-2ters-0nood */
		129,84,5,18,19,78,15,15,4,
		/* wa-2ter-0stof-0i-4on */
		129,84,5,18,83,20,15,6,73,15,14,
		/* we-2de-2rik */
		133,68,5,82,9,11,
		/* wedr */
		133,4,18,
		/* weef-2sel-0kweek */
		133,5,6,83,5,12,75,23,5,5,11,
		/* wee-0klaag */
		133,5,75,12,1,1,7,
		/* wee-0klacht */
		133,5,75,12,1,3,8,20,
		/* weg-0dis-2tel */
		133,7,68,9,19,84,5,12,
		/* we-2ge-0doorn */
		133,71,5,68,15,15,18,14,
		/* we-2gel */
		133,71,5,12,
		/* weg-0werp-0ar-2ti-2kel */
		133,7,87,5,18,16,65,18,84,9,75,5,12,
		/* wek-0a-4min */
		133,11,65,13,9,14,
		/* wel-0e-4del-0ge-1streng */
		133,12,69,4,5,12,71,5,83,20,18,5,14,7,
		/* wel-0eer */
		133,12,69,5,18,
		/* wel-2le-2tjes */
		133,12,76,5,84,10,5,19,
		/* wel-0lus-2te-2ling */
		133,12,76,21,19,84,5,76,9,14,7,
		/* we-2reld-0ver-1o-2ver-0aar */
		133,82,5,12,4,86,5,18,79,86,5,18,65,1,18,
		/* werk-0e-4zel */
		133,18,11,69,26,5,12,
		/* werp-0hen-2gel */
		133,18,16,72,5,14,71,5,12,
		/* West-0eu-2ro-2pees */
		133,19,20,69,21,82,15,80,5,5,19,
		/* wijd-0uit */
		137,10,4,85,9,20,
		/* wijn-0kris-2tal */
		137,10,14,75,18,9,19,84,1,12,
		/* wils-0uit */
		137,12,19,85,9,20,
		/* wind-0ei */
		137,14,4,69,9,
		/* win-2del */
		137,14,68,5,12,
		/* win-0gerd-0rank */
		137,14,71,5,18,4,82,1,14,11,
		/* win-2ter-0sport-0va-2kan-2tie */
		137,14,84,5,18,83,16,15,18,20,86,1,75,1,14,84,9,5,
		/* wis-2pel-0tu-2rig */
		137,19,80,5,12,84,21,82,9,7,
		/* wis-2pel-0tu-2rig-1heid */
		137,19,80,5,12,84,21,82,9,7,72,5,9,4,
		/* woe-2de-0uit-2barst */
		143,5,68,5,85,9,20,66,1,18,19,20,
		/* woest-0aard */
		143,5,19,20,65,1,18,4,
		/* woes-2te-2ling */
		143,5,19,84,5,76,9,14,7,
		/* wolf-2ram */
		143,12,6,82,1,13,
		/* wol-2ken-0veld */
		143,12,75,5,14,86,5,12,4,
		/* woord-0soort */
		143,15,18,4,83,15,15,18,20,
		/* woud-2reus */
		143,21,4,82,5,21,19,
		/* wraak-0ac-2tie */
		146,1,1,11,65,3,84,9,5,
		/* wreed-0aard */
		146,5,5,4,65,1,18,4,
		/* zacht-2jes-0aan */
		129,3,8,20,74,5,19,65,1,14,
		/* zand-0kas-2teel */
		129,14,4,75,1,19,84,5,5,12,
		/* zar-2zue-2la */
		129,18,90,21,5,76,1,
		/* zee-2dis-2tel */
		133,5,68,9,19,84,5,12,
		/* zeep-1ach-3tig */
		133,5,16,65,3,8,84,9,7,
		/* Zeeuw */
		133,5,21,23,
		/* Zeeuws */
		133,5,21,23,19,
		/* ze-2ker-1heid-0stel-2ling */
		133,75,5,18,72,5,9,4,83,20,5,12,76,9,14,7,
		/* zelf-0con-1trol */
		133,12,6,67,15,14,84,18,15,12,
		/* Zen-0boed-2dhis-2me */
		133,14,66,15,5,4,68,8,9,19,77,5,
		/* ze-2nu-2wen-0oor-2log */
		133,78,21,87,5,14,79,15,18,76,15,7,
		/* zes-0tal */
		133,19,84,1,12,
		/* ze-2ven-0ge-1sternt */
		133,86,5,14,71,5,83,20,5,18,14,20,
		/* ze-2ven-0mijls-0laars */
		133,86,5,14,77,9,10,12,19,76,1,1,18,19,
		/* zie-2le-0pijn */
		137,5,76,5,80,9,10,14,
		/* ziel-0toog */
		137,5,12,84,15,15,7,
		/* zien-2der-0og */
		137,5,14,68,5,18,79,7,
		/* zijns-1leer */
		137,10,14,19,76,5,5,18,
		/* zink-2wit */
		137,14,11,87,9,20,
		/* zin-0sned */
		137,14,83,14,5,4,
		/* zin-0speel */
		137,14,83,16,5,5,12,
		/* zin-0spe-2ling */
		137,14,83,16,5,76,9,14,7,
		/* zin-0spreuk */
		137,14,83,16,18,5,21,11,
		/* zins-0ver-1bijs-2te-2ring */
		137,14,19,86,5,18,66,9,10,19,84,5,82,9,14,7,
		/* zoe-0aaf */
		143,5,65,1,6,
		/* zoet-2jes-0aan */
		143,5,20,74,5,19,65,1,14,
		/* zol-2der-0e-4tag */
		143,12,68,5,18,69,20,1,7,
		/* zo-2mer-0va-2kan-2tie */
		143,77,5,18,86,1,75,1,14,84,9,5,
		/* zuig-0lam */
		149,9,7,76,1,13,
		/* zuip-0lap */
		149,9,16,76,1,16,
		/* zui-2ve-2rings-0ac-2tie */
		149,9,86,5,82,9,14,7,19,65,3,84,9,5,
		/* zui-2ver-1ings-0in-1stal-2la-2tie */
		149,9,86,5,18,73,14,7,19,73,14,83,20,1,12,76,1,84,9,5,
		/* zwart-2je */
		151,1,18,20,74,5,
		/* zweet-0af-1scheid */
		151,5,5,20,65,6,83,3,8,5,9,4,
		/* zwem-2mers-0ec-2zeem */
		151,5,13,77,5,18,19,69,3,90,5,5,13,
		0xff
	},
	{
		/* ak-2ke-0fie-2tje */
		129,11,75,5,70,9,5,84,10,5,
		/* ak-2ke-0vie-2tje */
		129,11,75,5,86,9,5,84,10,5,
		/* an-2ti-2quaar */
		129,14,84,9,81,21,1,1,18,
		/* an-2ti-2qui-2teit */
		129,14,84,9,81,21,9,84,5,9,20,
		/* ar-2re-2slee */
		129,18,82,5,83,12,5,5,
		/* au-2ber-2gine */
		129,21,66,5,18,71,9,14,5,
		/* baai-2en */
		130,1,1,9,69,14,
		/* con-1tras-2teer */
		131,15,14,84,18,1,19,84,5,5,18,
		/* daar-0in */
		132,1,1,18,73,14,
		/* da-2ta-0base */
		132,1,84,1,66,1,19,5,
		/* de-2so-2laat */
		132,5,83,15,76,1,1,20,
		/* dood-0ver-1moei-2end */
		132,15,15,4,86,5,18,77,15,5,9,69,14,4,
		/* dwars-2te */
		132,23,1,18,19,84,5,
		/* ei-2der-0eend */
		133,9,68,5,18,69,5,14,4,
		/* em-2ploy-4é */
		133,13,80,12,15,25,35,
		/* em-2ploy-2ée */
		133,13,80,12,15,25,99,5,
		/* her-0nieuw-2ing */
		136,5,18,78,9,5,21,23,73,14,7,
		/* hoog-0fre-2quent */
		136,15,15,7,70,18,5,81,21,5,14,20,
		/* ie-2der-0een */
		137,5,68,5,18,69,5,14,
		/* in-1con-1se-2quent */
		137,14,67,15,14,83,5,81,21,5,14,20,
		/* ko-2nin-1kje */
		139,15,78,9,14,75,10,5,
		/* lei-2en */
		140,5,9,69,14,
		/* loop-1ing */
		140,15,15,16,73,14,7,
		/* me-2nig-0een */
		141,5,78,9,7,69,5,14,
		/* mi-2so-2gyn */
		141,9,83,15,71,25,14,
		/* nie-2tes */
		142,9,5,84,5,19,
		/* nie-2tig-0ver-1kla-2ring */
		142,9,5,84,9,7,86,5,18,75,12,1,82,9,14,7,
		/* niets-0nut */
		142,9,5,20,19,78,21,20,
		/* om-1me-2tje */
		143,13,77,5,84,10,5,
		/* ont-1hoof-2ding */
		143,14,20,72,15,15,6,68,9,14,7,
		/* op-1rui-2end */
		143,16,82,21,9,69,14,4,
		/* pe-2king-0eend */
		144,5,75,9,14,7,69,5,14,4,
		/* rood-0gloei-2end */
		146,15,15,4,71,12,15,5,9,69,14,4,
		/* schaars-2te */
		147,3,8,1,1,18,19,84,5,
		/* schreeuw-2end */
		147,3,8,18,5,5,21,23,69,14,4,
		/* sneeuw-2en */
		147,14,5,5,21,23,69,14,
		/* soft-0ware */
		147,15,6,20,87,1,18,5,
		/* stads-0ver-1nieuw-1ing */
		147,20,1,4,19,86,5,18,78,9,5,21,23,73,14,7,
		/* stil-2le-2tje */
		147,20,9,12,76,5,84,10,5,
		/* stom-2me-2tje */
		147,20,15,13,77,5,84,10,5,
		/* teak-0hout-1en */
		148,5,1,11,72,15,21,20,69,14,
		/* ver-1nieuw-1ing */
		150,5,18,78,9,5,21,23,73,14,7,
		/* wand-0rek */
		151,1,14,4,82,5,11,
		/* week-0end */
		151,5,5,11,69,14,4,
		/* weer-0al */
		151,5,5,18,65,12,
		/* weers-0kan-2ten */
		151,5,5,18,19,75,1,14,84,5,14,
		/* weers-0om-1stan-2dig-1heid */
		151,5,5,18,19,79,13,83,20,1,14,68,9,7,72,5,9,4,
		/* weers-0toe-0stand */
		151,5,5,18,19,84,15,5,83,20,1,14,4,
		/* zwan-2ger-2schaps-0test */
		154,23,1,14,71,5,18,83,3,8,1,16,19,84,5,19,20,
		0xff
	}
};
