struct {
	short maxCode;
	short size2;
	short list1;
	short list2;
	unsigned char list2Data[332];
} SpaExIndex = {
	0,
	331,
	0,
	8,
	{
		/* de-2sas-2tre */
		132,5,83,1,19,84,18,5,
		/* de-2sas-2tres */
		132,5,83,1,19,84,18,5,19,
		/* de-2sas-2tro-2sa */
		132,5,83,1,19,84,18,15,83,1,
		/* de-2sas-2tro-2sas */
		132,5,83,1,19,84,18,15,83,1,19,
		/* de-2sas-2tro-2so */
		132,5,83,1,19,84,18,15,83,15,
		/* de-2sas-2tro-2sos */
		132,5,83,1,19,84,18,15,83,15,19,
		/* de-2sen-2to-2no */
		132,5,83,5,14,84,15,78,15,
		/* de-2sen-2to-2nos */
		132,5,83,5,14,84,15,78,15,19,
		/* de-2sen-2vuel-2ta */
		132,5,83,5,14,86,21,5,12,84,1,
		/* de-2sen-2vuel-2tas */
		132,5,83,5,14,86,21,5,12,84,1,19,
		/* de-2sen-2vuel-2to */
		132,5,83,5,14,86,21,5,12,84,15,
		/* de-2sen-2vuel-2tos */
		132,5,83,5,14,86,21,5,12,84,15,19,
		/* de-2seo */
		132,5,83,5,15,
		/* de-2seos */
		132,5,83,5,15,19,
		/* de-2seo-2sa */
		132,5,83,5,15,83,1,
		/* de-2seo-2sas */
		132,5,83,5,15,83,1,19,
		/* de-2seo-2so */
		132,5,83,5,15,83,15,
		/* de-2seo-2sos */
		132,5,83,5,15,83,15,19,
		/* i-4ner-2cia */
		137,14,5,18,67,9,1,
		/* i-4ner-2cias */
		137,14,5,18,67,9,1,19,
		/* i-4ner-2te */
		137,14,5,18,84,5,
		/* i-4ner-2tes */
		137,14,5,18,84,5,19,
		/* nos-1o-4tros */
		142,15,19,79,20,18,15,19,
		/* pan-1a-4me-2ri-2ca-2na */
		144,1,14,65,13,5,82,9,67,1,78,1,
		/* pan-1a-4me-2ri-2ca-2nas */
		144,1,14,65,13,5,82,9,67,1,78,1,19,
		/* pan-1a-4me-2ri-2ca-2no */
		144,1,14,65,13,5,82,9,67,1,78,15,
		/* pan-1a-4me-2ri-2ca-2nos */
		144,1,14,65,13,5,82,9,67,1,78,15,19,
		/* su-2dor */
		147,21,68,15,18,
		/* su-2do-2res */
		147,21,68,15,82,5,19,
		/* su-2do-2ro-2sa */
		147,21,68,15,82,15,83,1,
		/* su-2do-2ro-2sas */
		147,21,68,15,82,15,83,1,19,
		/* su-2do-2ro-2so */
		147,21,68,15,82,15,83,15,
		/* su-2do-2ro-2sos */
		147,21,68,15,82,15,83,15,19,
		/* su-2do-2sa */
		147,21,68,15,83,1,
		/* su-2do-2sas */
		147,21,68,15,83,1,19,
		/* su-2do-2so */
		147,21,68,15,83,15,
		/* su-2do-2sos */
		147,21,68,15,83,15,19,
		/* vos-1o-4tros */
		150,15,19,79,20,18,15,19,
		0xff
	}
};
