;
; Copyright (C) 1989 John Bowler
; Copyright (C) 1990 Acorn Computers Ltd
;
;
;	Data for dea_crypt.c, stored in the text segment as it
;	does not need to be writable.
;
		AREA	|Asm$$ROData|, DATA, READONLY
		EXPORT	|_dea_data|
;
;	extern struct {
;		CARD8	IP[64];
;		CARD8	E[48];
;		CARD8	S[8][32];
;		CARD8	P[32];
;		CARD8	PC1[56];
;		CARD8	PC2[48];
;		CARD8	KS[16];
;	} _dea_data;
;
;CARD8	IP[64];

|_dea_data|	DCB	58, 50, 42, 34, 26, 18, 10,  2
		DCB	60, 52, 44, 36, 28, 20, 12,  4
		DCB	62, 54, 46, 38, 30, 22, 14,  6
		DCB	64, 56, 48, 40, 32, 24, 16,  8
		DCB	57, 49, 41, 33, 25, 17,  9,  1
		DCB	59, 51, 43, 35, 27, 19, 11,  3
		DCB	61, 53, 45, 37, 29, 21, 13,  5
		DCB	63, 55, 47, 39, 31, 23, 15,  7
;CARD8	E[48];
		DCB	32,  1,  2,  3,  4,  5
		DCB	 4,  5,  6,  7,  8,  9
		DCB	 8,  9, 10, 11, 12, 13
		DCB	12, 13, 14, 15, 16, 17
		DCB	16, 17, 18, 19, 20, 21
		DCB	20, 21, 22, 23, 24, 25
		DCB	24, 25, 26, 27, 28, 29
		DCB	28, 29, 30, 31, 32,  1
;CARD8	S[8][32];
;	Each row consists of 16 values.  These are
;	packed into bytes in a big endian fashion
;	(first value in higher order bits).
;
	MACRO
$label	PACKB $p1,$p2,$p3,$p4,$p5,$p6,$p7,$p8,$p9,$pa,$pb,$pc,$pd,$pe,$pf,$pg
$label		DCB	($p1:SHL:4):OR:$p2, ($p3:SHL:4):OR:$p4
		DCB	($p5:SHL:4):OR:$p6, ($p7:SHL:4):OR:$p8
		DCB	($p9:SHL:4):OR:$pa, ($pb:SHL:4):OR:$pc
		DCB	($pd:SHL:4):OR:$pe, ($pf:SHL:4):OR:$pg
	MEND
;
		PACKB	14, 4,13, 1, 2,15,11, 8, 3,10, 6,12, 5, 9, 0, 7
		PACKB	 0,15, 7, 4,14, 2,13, 1,10, 6,12,11, 9, 5, 3, 8
		PACKB	 4, 1,14, 8,13, 6, 2,11,15,12, 9, 7, 3,10, 5, 0
		PACKB	15,12, 8, 2, 4, 9, 1, 7, 5,11, 3,14,10, 0, 6,13
		PACKB	15, 1, 8,14, 6,11, 3, 4, 9, 7, 2,13,12, 0, 5,10
		PACKB	 3,13, 4, 7,15, 2, 8,14,12, 0, 1,10, 6, 9,11, 5
		PACKB	 0,14, 7,11,10, 4,13, 1, 5, 8,12, 6, 9, 3, 2,15
		PACKB	13, 8,10, 1, 3,15, 4, 2,11, 6, 7,12, 0, 5,14, 9
		PACKB	10, 0, 9,14, 6, 3,15, 5, 1,13,12, 7,11, 4, 2, 8
		PACKB	13, 7, 0, 9, 3, 4, 6,10, 2, 8, 5,14,12,11,15, 1
		PACKB	13, 6, 4, 9, 8,15, 3, 0,11, 1, 2,12, 5,10,14, 7
		PACKB	 1,10,13, 0, 6, 9, 8, 7, 4,15,14, 3,11, 5, 2,12
		PACKB	 7,13,14, 3, 0, 6, 9,10, 1, 2, 8, 5,11,12, 4,15
		PACKB	13, 8,11, 5, 6,15, 0, 3, 4, 7, 2,12, 1,10,14, 9
		PACKB	10, 6, 9, 0,12,11, 7,13,15, 1, 3,14, 5, 2, 8, 4
		PACKB	 3,15, 0, 6,10, 1,13, 8, 9, 4, 5,11,12, 7, 2,14
		PACKB	 2,12, 4, 1, 7,10,11, 6, 8, 5, 3,15,13, 0,14, 9
		PACKB	14,11, 2,12, 4, 7,13, 1, 5, 0,15,10, 3, 9, 8, 6
		PACKB	 4, 2, 1,11,10,13, 7, 8,15, 9,12, 5, 6, 3, 0,14
		PACKB	11, 8,12, 7, 1,14, 2,13, 6,15, 0, 9,10, 4, 5, 3
		PACKB	12, 1,10,15, 9, 2, 6, 8, 0,13, 3, 4,14, 7, 5,11
		PACKB	10,15, 4, 2, 7,12, 9, 5, 6, 1,13,14, 0,11, 3, 8
		PACKB	 9,14,15, 5, 2, 8,12, 3, 7, 0, 4,10, 1,13,11, 6
		PACKB	 4, 3, 2,12, 9, 5,15,10,11,14, 1, 7, 6, 0, 8,13
		PACKB	 4,11, 2,14,15, 0, 8,13, 3,12, 9, 7, 5,10, 6, 1
		PACKB	13, 0,11, 7, 4, 9, 1,10,14, 3, 5,12, 2,15, 8, 6
		PACKB	 1, 4,11,13,12, 3, 7,14,10,15, 6, 8, 0, 5, 9, 2
		PACKB	 6,11,13, 8, 1, 4,10, 7, 9, 5, 0,15,14, 2, 3,12
		PACKB	13, 2, 8, 4, 6,15,11, 1,10, 9, 3,14, 5, 0,12, 7
		PACKB	 1,15,13, 8,10, 3, 7, 4,12, 5, 6,11, 0,14, 9, 2
		PACKB	 7,11, 4, 1, 9,12,14, 2, 0, 6,10,13,15, 3, 5, 8
		PACKB	 2, 1,14, 7, 4,10, 8,13,15,12, 9, 0, 3, 5, 6,11
;CARD8	P[32];
		DCB	16,  7, 20, 21, 29, 12, 28, 17
		DCB	 1, 15, 23, 26,  5, 18, 31, 10
		DCB	 2,  8, 24, 14, 32, 27,  3,  9
		DCB	19, 13, 30,  6, 22, 11,  4, 25
;CARD8	PC1[56];
		DCB	57, 49, 41, 33, 25, 17,  9
		DCB	 1, 58, 50, 42, 34, 26, 18
		DCB	10,  2, 59, 51, 43, 35, 27
		DCB	19, 11,  3, 60, 52, 44, 36
		DCB	63, 55, 47, 39, 31, 23, 15
		DCB	 7, 62, 54, 46, 38, 30, 22
		DCB	14,  6, 61, 53, 45, 37, 29
		DCB	21, 13,  5, 28, 20, 12,  4
;CARD8	PC2[48];
		DCB	14, 17, 11, 24,  1,  5
		DCB	 3, 28, 15,  6, 21, 10
		DCB	23, 19, 12,  4, 26,  8
		DCB	16,  7, 27, 20, 13,  2
		DCB	41, 52, 31, 37, 47, 55
		DCB	30, 40, 51, 45, 33, 48
		DCB	44, 49, 39, 56, 34, 53
		DCB	46, 42, 50, 36, 29, 32
;CARD8	KS[16];
		DCB	1, 1, 2, 2, 2, 2, 2, 2, 1, 2, 2, 2, 2, 2, 2, 1
		END
