// modified: stuff seems to be missing 16/9/97

#ifdef SACTABLES

//int cumf_COD[3]={16383, 6849, 0};

//int cumf_MCBPC[22]={16383, 4105, 3088, 2367, 1988, 1621, 1612, 1609, 1608, 496, 353, 195, 77, 22, 17, 12, 5, 4, 3, 2, 1, 0};

//int cumf_MCBPC_intra[10]={16383, 7410, 6549, 5188, 442, 182, 181, 141, 1, 0};

//int cumf_MODB[4]={16383, 6062, 2130, 0};

//int cumf_YCBPB[3]={16383,6062,0};

//int cumf_UVCBPB[3]={16383,491,0};

//int cumf_CBPY[17]={16383, 14481, 13869, 13196, 12568, 11931, 11185, 10814, 9796, 9150, 8781, 7933, 6860, 6116, 4873, 3538, 0};

//int cumf_CBPY_intra[17]={16383, 13619, 13211, 12933, 12562, 12395, 11913, 11783, 11004, 10782, 10689, 9928, 9353, 8945, 8407, 7795, 0};

//int cumf_DQUANT[5]={16383, 12287, 8192, 4095, 0};

//int cumf_MVD[65]={16383, 16380, 16369, 16365, 16361, 16357, 16350, 16343, 16339, 16333, 16326, 16318, 16311, 16306, 16298, 16291, 16283, 16272, 16261, 16249, 16235, 16222, 16207, 16175, 16141, 16094, 16044, 15936, 15764, 15463, 14956, 13924, 11491, 4621, 2264, 1315, 854, 583, 420, 326, 273, 229, 196, 166, 148, 137, 123, 114, 101, 91, 82, 76, 66, 59, 53, 46, 36, 30, 26, 24, 18, 14, 10, 5, 0};

//int cumf_INTRADC[255]={16383, 16380, 16379, 16378, 16377, 16376, 16370, 16361, 16360, 16359, 16358, 16357, 16356, 16355, 16343, 16238, 16237, 16236, 16230, 16221, 16220, 16205, 16190, 16169, 16151, 16130, 16109, 16094, 16070, 16037, 16007, 15962, 15938, 15899, 15854, 15815, 15788, 15743, 15689, 15656, 15617, 15560, 15473, 15404, 15296, 15178, 15106, 14992, 14868, 14738, 14593, 14438, 14283, 14169, 14064, 14004, 13914, 13824, 13752, 13671, 13590, 13515, 13458, 13380, 13305, 13230, 13143, 13025, 12935, 12878, 12794, 12743, 12656, 12596, 12521, 12443, 12359, 12278, 12200, 12131, 12047, 12002, 11948, 11891, 11828, 11744, 11663, 11588, 11495, 11402, 11288, 11204, 11126, 11039, 10961, 10883, 10787, 10679, 10583, 10481, 10360, 10227, 10113, 9961, 9828, 9717, 9584, 9485, 9324, 9112, 9019, 8908, 8766, 8584, 8426, 8211, 7920, 7663, 7406, 7152, 6904, 6677, 6453, 6265, 6101, 5904, 5716, 5489, 5307, 5056, 4850, 4569, 4284, 3966, 3712, 3518, 3342, 3206, 3048, 2909, 2773, 2668, 2596, 2512, 2370, 2295, 2232, 2166, 2103, 2022, 1956, 1887, 1830, 1803, 1770, 1728, 1674, 1635, 1599, 1557, 1500, 1482, 1434, 1389, 1356, 1317, 1284, 1245, 1200, 1179, 1140, 1110, 1092, 1062, 1044, 1035, 1014, 1008, 993, 981, 954, 936, 912, 894, 876, 864, 849, 828, 816, 801, 792, 777, 756, 732, 690, 660, 642, 615, 597, 576, 555, 522, 489, 459, 435, 411, 405, 396, 387, 375, 360, 354, 345, 344, 329, 314, 293, 278, 251, 236, 230, 224, 215, 214, 208, 199, 193, 184, 178, 169, 154, 127, 100, 94, 73, 37, 36, 35, 34, 33, 32, 31, 30, 29, 28, 27, 26, 20, 19, 18, 17, 16, 15, 9, 0};

int cumf_SIGN[3]={16383, 8416, 0};

int cumf_LAST[3]={16383, 9469, 0};

int cumf_LAST_intra[3]={16383, 2820, 0};

int cumf_RUN[65]={16383, 15310, 14702, 13022, 11883, 11234, 10612, 10192, 9516, 9016, 8623, 8366, 7595, 7068, 6730, 6487, 6379, 6285, 6177, 6150, 6083, 5989, 5949, 5922, 5895, 5828, 5774, 5773, 5394, 5164, 5016, 4569, 4366, 4136, 4015, 3867, 3773, 3692, 3611, 3476, 3341, 3301, 2787, 2503, 2219, 1989, 1515, 1095, 934, 799, 691, 583, 435, 300, 246, 206, 125, 124, 97, 57, 30, 3, 2, 1, 0};

int cumf_RUN_intra[65]={16383, 10884, 8242, 7124, 5173, 4745, 4246, 3984, 3034, 2749, 2607, 2298, 966, 681, 396, 349, 302, 255, 254, 253, 206, 159, 158, 157, 156, 155, 154, 153, 106, 35, 34, 33, 32, 31, 30, 29, 28, 27, 26, 25, 24, 23, 22, 21, 20, 19, 18, 17, 16, 15, 14, 13, 12, 11, 10, 9, 8, 7, 6, 5, 4, 3, 2, 1, 0};

int cumf_LEVEL[255]={16383, 16382, 16381, 16380, 16379, 16378, 16377, 16376, 16375, 16374, 16373, 16372, 16371, 16370, 16369, 16368, 16367, 16366, 16365, 16364, 16363, 16362, 16361, 16360, 16359, 16358, 16357, 16356, 16355, 16354, 16353, 16352, 16351, 16350, 16349, 16348, 16347, 16346, 16345, 16344, 16343, 16342, 16341, 16340, 16339, 16338, 16337, 16336, 16335, 16334, 16333, 16332, 16331, 16330, 16329, 16328, 16327, 16326, 16325, 16324, 16323, 16322, 16321, 16320, 16319, 16318, 16317, 16316, 16315, 16314, 16313, 16312, 16311, 16310, 16309, 16308, 16307, 16306, 16305, 16304, 16303, 16302, 16301, 16300, 16299, 16298, 16297, 16296, 16295, 16294, 16293, 16292, 16291, 16290, 16289, 16288, 16287, 16286, 16285, 16284, 16283, 16282, 16281, 16280, 16279, 16278, 16277, 16250, 16223, 16222, 16195, 16154, 16153, 16071, 15989, 15880, 15879, 15878, 15824, 15756, 15674, 15606, 15538, 15184, 14572, 13960, 10718, 7994, 5379, 2123, 1537, 992, 693, 611, 516, 448, 421, 380, 353, 352, 284, 257, 230, 203, 162, 161, 160, 133, 132, 105, 104, 103, 102, 101, 100, 99, 98, 97, 96, 95, 94, 93, 92, 91, 90, 89, 88, 87, 86, 85, 84, 83, 82, 81, 80, 79, 78, 77, 76, 75, 74, 73, 72, 71, 70, 69, 68, 67, 66, 65, 64, 63, 62, 61, 60, 59, 58, 57, 56, 55, 54, 53, 52, 51, 50, 49, 48, 47, 46, 45, 44, 43, 42, 41, 40, 39, 38, 37, 36, 35, 34, 33, 32, 31, 30, 29, 28, 27, 26, 25, 24, 23, 22, 21, 20, 19, 18, 17, 16, 15, 14, 13, 12, 11, 10, 9, 8, 7, 6, 5, 4, 3, 2, 1, 0};

int cumf_LEVEL_intra[255]={16383, 16379, 16378, 16377, 16376, 16375, 16374, 16373, 16372, 16371, 16370, 16369, 16368, 16367, 16366, 16365, 16364, 16363, 16362, 16361, 16360, 16359, 16358, 16357, 16356, 16355, 16354, 16353, 16352, 16351, 16350, 16349, 16348, 16347, 16346, 16345, 16344, 16343, 16342, 16341, 16340, 16339, 16338, 16337, 16336, 16335, 16334, 16333, 16332, 16331, 16330, 16329, 16328, 16327, 16326, 16325, 16324, 16323, 16322, 16321, 16320, 16319, 16318, 16317, 16316, 16315, 16314, 16313, 16312, 16311, 16268, 16267, 16224, 16223, 16180, 16179, 16136, 16135, 16134, 16133, 16132, 16131, 16130, 16129, 16128, 16127, 16126, 16061, 16018, 16017, 16016, 16015, 16014, 15971, 15970, 15969, 15968, 15925, 15837, 15794, 15751, 15750, 15749, 15661, 15618, 15508, 15376, 15288, 15045, 14913, 14781, 14384, 13965, 13502, 13083, 12509, 12289, 12135, 11892, 11738, 11429, 11010, 10812, 10371, 9664, 9113, 8117, 8116, 8028, 6855, 5883, 4710, 4401, 4203, 3740, 3453, 3343, 3189, 2946, 2881, 2661, 2352, 2132, 1867, 1558, 1382, 1250, 1162, 1097, 1032, 967, 835, 681, 549, 439, 351, 350, 307, 306, 305, 304, 303, 302, 301, 300, 299, 298, 255, 212, 211, 210, 167, 166, 165, 164, 163, 162, 161, 160, 159, 158, 115, 114, 113, 112, 111, 68, 67, 66, 65, 64, 63, 62, 61, 60, 59, 58, 57, 56, 55, 54, 53, 52, 51, 50, 49, 48, 47, 46, 45, 44, 43, 42, 41, 40, 39, 38, 37, 36, 35, 34, 33, 32, 31, 30, 29, 28, 27, 26, 25, 24, 23, 22, 21, 20, 19, 18, 17, 16, 15, 14, 13, 12, 11, 10, 9, 8, 7, 6, 5, 4, 3, 2, 1, 0};

#else
extern int cumf_COD[];
extern int cumf_MCBPC[];
extern int cumf_MCBPC_intra[];
extern int cumf_MODB[];
extern int cumf_YCBPB[];
extern int cumf_UVCBPB[];
extern int cumf_CBPY[];
extern int cumf_CBPY_intra[];
extern int cumf_DQUANT[];
extern int cumf_MVD[];
extern int cumf_INTRADC[];
extern int cumf_TCOEF1[];
extern int cumf_TCOEF2[];
extern int cumf_TCOEF3[];
extern int cumf_TCOEFr[];
extern int cumf_TCOEF1_intra[];
extern int cumf_TCOEF2_intra[];
extern int cumf_TCOEF3_intra[];
extern int cumf_TCOEFr_intra[];
extern int cumf_SIGN[];
extern int cumf_LAST[];
extern int cumf_LAST_intra[];
extern int cumf_RUN[];
extern int cumf_RUN_intra[];
extern int cumf_LEVEL[];
extern int cumf_LEVEL_intra[];
#endif
