/************************************************************************
 *                                                                      *
 *              INTEL CORPORATION PROPRIETARY INFORMATION               *
 *                                                                      *
 *      This software is supplied under the terms of a license          *
 *      agreement or nondisclosure agreement with Intel Corporation     *
 *      and may not be copied or disclosed except in accordance         *
 *      with the terms of that agreement.                               *
 *                                                                      *
 ************************************************************************
 *                                                                      *
 * Copyright (C) 1992 to 1994 Intel Corporation.  All Rights Reserved.  *
 *                                                                      *
 ************************************************************************/

/* This file is automatically generated by genmp.c, then */
/* hand modified. It should never change unless the "k" values */
/* change */
#if defined WINDOWS
#include <windows.h>
#endif
#include "datatype.h"
U8 ModPred[8][128] = {
   { /* code book 8, k == 2 */
       0,   2,   2,   4,   4,   6,   6,   8,   8,  10,  10, 
      12,  12,  14,  14,  16,  16,  18,  18,  20,  20,  22, 
      22,  24,  24,  26,  26,  28,  28,  30,  30,  32,  32, 
      34,  34,  36,  36,  38,  38,  40,  40,  42,  42,  44, 
      44,  46,  46,  48,  48,  50,  50,  52,  52,  54,  54, 
      56,  56,  58,  58,  60,  60,  62,  62,  64,  64,  66, 
      66,  68,  68,  70,  70,  72,  72,  74,  74,  76,  76, 
      78,  78,  80,  80,  82,  82,  84,  84,  86,  86,  88, 
      88,  90,  90,  92,  92,  94,  94,  96,  96,  98,  98, 
     100, 100, 102, 102, 104, 104, 106, 106, 108, 108, 110, 
     110, 112, 112, 114, 114, 116, 116, 118, 118, 120, 120, 
     122, 122, 124, 124, 126, 126, 126  
   },
   { /* code book 9, k == 3 */
       1,   1,   4,   4,   4,   7,   7,  10,  10,  10,  10, 
      13,  13,  13,  16,  16,  16,  19,  19,  19,  22,  22, 
      22,  25,  25,  25,  28,  28,  28,  31,  31,  31,  34, 
      34,  34,  37,  37,  37,  40,  40,  40,  43,  43,  43, 
      46,  46,  46,  49,  49,  49,  52,  52,  52,  55,  55, 
      55,  58,  58,  58,  61,  61,  61,  64,  64,  64,  67, 
      67,  67,  70,  70,  70,  73,  73,  73,  76,  76,  76, 
      79,  79,  79,  82,  82,  82,  85,  85,  85,  88,  88, 
      88,  91,  91,  91,  94,  94,  94,  97,  97,  97, 100, 
     100, 100, 103, 103, 103, 106, 106, 106, 109, 109, 109, 
     112, 112, 112, 115, 115, 115, 118, 118, 118, 118, 118, 
     121, 124, 124, 124, 127, 127, 127  
   },
   { /* code book 10, k == 4 */
       0,   0,   4,   4,   4,   4,   8,   8,   8,   8,  12, 
      12,  12,  12,  16,  16,  16,  16,  20,  20,  20,  20, 
      24,  24,  24,  24,  28,  28,  28,  28,  32,  32,  32, 
      32,  36,  36,  36,  36,  40,  40,  40,  40,  44,  44, 
      44,  44,  48,  48,  48,  48,  52,  52,  52,  52,  56, 
      56,  56,  56,  60,  60,  60,  60,  64,  64,  64,  64, 
      68,  68,  68,  68,  72,  72,  72,  72,  76,  76,  76, 
      76,  80,  80,  80,  80,  84,  84,  84,  84,  88,  88, 
      88,  88,  92,  92,  92,  92,  96,  96,  96,  96, 100, 
     100, 100, 100, 104, 104, 104, 104, 108, 108, 108, 108, 
     112, 112, 112, 112, 116, 116, 116, 116, 120, 120, 120, 
     120, 124, 124, 124, 124, 124, 124  
   },
   { /* code book 11, k == 5 */
       4,   4,   4,   4,   4,   4,   4,   4,   9,   9,   9, 
       9,   9,  14,  14,  14,  14,  14,  19,  19,  19,  19, 
      19,  24,  24,  24,  24,  24,  29,  29,  29,  29,  29, 
      34,  34,  34,  34,  34,  39,  39,  39,  39,  39,  44, 
      44,  44,  44,  44,  49,  49,  49,  49,  49,  54,  54, 
      54,  54,  54,  59,  59,  59,  59,  59,  64,  64,  64, 
      64,  64,  69,  69,  69,  69,  69,  74,  74,  74,  74, 
      74,  79,  79,  79,  79,  79,  84,  84,  84,  84,  84, 
      89,  89,  89,  89,  89,  94,  94,  94,  94,  94,  99, 
      99,  99,  99,  99, 104, 104, 104, 104, 104, 109, 109, 
     109, 109, 109, 114, 114, 114, 114, 114, 119, 119, 119, 
     119, 119, 124, 124, 124, 124, 124  
   },
   { /* code book 12, k == 6 */
       4,   4,   4,   4,   4,   4,   4,   4,  10,  10,  10, 
      10,  10,  10,  10,  16,  16,  16,  16,  16,  16,  22, 
      22,  22,  22,  22,  22,  28,  28,  28,  28,  28,  28, 
      34,  34,  34,  34,  34,  34,  40,  40,  40,  40,  40, 
      40,  46,  46,  46,  46,  46,  46,  52,  52,  52,  52, 
      52,  52,  58,  58,  58,  58,  58,  58,  64,  64,  64, 
      64,  64,  64,  70,  70,  70,  70,  70,  70,  76,  76, 
      76,  76,  76,  76,  82,  82,  82,  82,  82,  82,  88, 
      88,  88,  88,  88,  88,  94,  94,  94,  94,  94,  94, 
     100, 100, 100, 100, 100, 100, 106, 106, 106, 106, 106, 
     106, 112, 112, 112, 112, 112, 112, 118, 118, 118, 118, 
     118, 118, 124, 124, 124, 124, 124  
   },
   { /* code book 13, k == 7 */
       1,   1,   1,   1,   8,   8,   8,   8,   8,   8,   8, 
      15,  15,  15,  15,  15,  15,  15,  22,  22,  22,  22, 
      22,  22,  22,  29,  29,  29,  29,  29,  29,  29,  36, 
      36,  36,  36,  36,  36,  36,  43,  43,  43,  43,  43, 
      43,  43,  50,  50,  50,  50,  50,  50,  50,  57,  57, 
      57,  57,  57,  57,  57,  64,  64,  64,  64,  64,  64, 
      64,  71,  71,  71,  71,  71,  71,  71,  78,  78,  78, 
      78,  78,  78,  78,  85,  85,  85,  85,  85,  85,  85, 
      92,  92,  92,  92,  92,  92,  92,  99,  99,  99,  99, 
      99,  99,  99, 106, 106, 106, 106, 106, 106, 106, 113, 
     113, 113, 113, 113, 113, 113, 120, 120, 120, 120, 120, 
     120, 120, 127, 127, 127, 127, 127  
   },
   { /* code book 14, k == 8 */
       0,   0,   0,   0,   8,   8,   8,   8,   8,   8,   8, 
       8,  16,  16,  16,  16,  16,  16,  16,  16,  24,  24, 
      24,  24,  24,  24,  24,  24,  32,  32,  32,  32,  32, 
      32,  32,  32,  40,  40,  40,  40,  40,  40,  40,  40, 
      48,  48,  48,  48,  48,  48,  48,  48,  56,  56,  56, 
      56,  56,  56,  56,  56,  64,  64,  64,  64,  64,  64, 
      64,  64,  72,  72,  72,  72,  72,  72,  72,  72,  80, 
      80,  80,  80,  80,  80,  80,  80,  88,  88,  88,  88, 
      88,  88,  88,  88,  96,  96,  96,  96,  96,  96,  96, 
      96, 104, 104, 104, 104, 104, 104, 104, 104, 112, 112, 
     112, 112, 112, 112, 112, 112, 120, 120, 120, 120, 120, 
     120, 120, 120, 120, 120, 120, 120  
   },
   { /* code book 15, k == 9 */
       1,   1,   1,   1,   1,  10,  10,  10,  10,  10,  10, 
      10,  10,  10,  19,  19,  19,  19,  19,  19,  19,  19, 
      19,  28,  28,  28,  28,  28,  28,  28,  28,  28,  37, 
      37,  37,  37,  37,  37,  37,  37,  37,  46,  46,  46, 
      46,  46,  46,  46,  46,  46,  55,  55,  55,  55,  55, 
      55,  55,  55,  55,  64,  64,  64,  64,  64,  64,  64, 
      64,  64,  73,  73,  73,  73,  73,  73,  73,  73,  73, 
      82,  82,  82,  82,  82,  82,  82,  82,  82,  91,  91, 
      91,  91,  91,  91,  91,  91,  91, 100, 100, 100, 100, 
     100, 100, 100, 100, 100, 109, 109, 109, 109, 109, 109, 
     109, 109, 109, 118, 118, 118, 118, 118, 118, 118, 118, 
     118, 127, 127, 127, 127, 127, 127  
   } 
};
