unsigned char bittab_back[96] = {
95, 71, 20, 21, 92, 11, 94, 93, 84, 63, 46, 19, 61, 86, 69, 62,
33, 53, 91, 48, 88, 14, 24,  2, 38, 28, 72, 36, 89, 12, 31,  8,
 1, 32, 29, 23, 56, 81, 64, 60, 34, 50, 16, 13, 43, 51, 79, 78,
35,  7, 77, 22, 70, 67, 66,  3, 37, 54, 42, 73, 58, 45, 80, 15,
59, 41,  6, 30, 82, 74, 40, 26,  5, 25, 57, 47, 87, 18, 44, 75,
10, 52, 17, 90, 39, 65, 85, 83,  4, 76, 55, 27,  0, 68, 49,  9 };
#if 0
int ascii_decode[128] = {
 -1,  -1,  -1,  -1,  -1,  -1,  -1,  -1,  -1,  -1,  -1,  -1,  -1,  -1,  -1,  -1,
 -1,  -1,  -1,  -1,  -1,  -1,  -1,  -1,  -1,  -1,  -1,  -1,  -1,  -1,  -1,  -1,
 -1,  -1,  -1,  -1,  -1,  62,  63,  -1,  -1,  -1,  -1,  -1,  -1,  -1,  -1,  -1,
  0,   1,   2,   3,   4,   5,   6,   7,   8,   9,  -1,  -1,  -1,  -1,  -1,  -1,
 -1,  36,  37,  38,  39,  40,  41,  42,  43,  44,  45,  46,  47,  48,  49,  50,
 51,  52,  53,  54,  55,  56,  57,  58,  59,  60,  61,  -1,  -1,  -1,  -1,  -1,
 -1,  10,  11,  12,  13,  14,  15,  16,  17,  18,  19,  20,  21,  22,  23,  24,
 25,  26,  27,  28,  29,  30,  31,  32,  33,  34,  35,  -1,  -1,  -1,  -1,  -1 };
#else
int ascii_decode[128] = {
 -1,  -1,  -1,  -1,  -1,  -1,  -1,  -1,  -1,  -1,  -1,  -1,  -1,  -1,  -1,  -1,
 -1,  -1,  -1,  -1,  -1,  -1,  -1,  -1,  -1,  -1,  -1,  -1,  -1,  -1,  -1,  -1,
 -1,  -1,  -1,  44,  50,  62,  63,  -1,  -1,  -1,  21,   0,  -1,  -1,  -1,  -1,
 -1,  -1,   2,   3,   4,   5,   6,   7,   8,   9,  -1,  -1,  -1,   1,  -1,  -1,
 -1,  36,  37,  38,  39,  40,  41,  42,  43,  -1,  45,  46,  47,  48,  49,  -1,
 51,  52,  53,  54,  55,  56,  57,  58,  59,  60,  61,  -1,  -1,  -1,  -1,  -1,
 -1,  10,  11,  12,  13,  14,  15,  16,  17,  18,  19,  20,  -1,  22,  23,  24,
 25,  26,  27,  28,  29,  30,  31,  32,  33,  34,  35,  -1,  -1,  -1,  -1,  -1 };
#endif

unsigned char bittab_forw[96] = {
92, 32, 23, 55, 88, 72, 66, 49, 31, 95, 80,  5, 29, 43, 21, 63,
42, 82, 77, 11,  2,  3, 51, 35, 22, 73, 71, 91, 25, 34, 67, 30,
33, 16, 40, 48, 27, 56, 24, 84, 70, 65, 58, 44, 78, 61, 10, 75,
19, 94, 41, 45, 81, 17, 57, 90, 36, 74, 60, 64, 39, 12, 15,  9,
38, 85, 54, 53, 93, 14, 52,  1, 26, 59, 69, 79, 89, 50, 47, 46,
62, 37, 68, 87,  8, 86, 13, 76, 20, 28, 83, 18,  4,  7,  6,  0 };
#if 0
char ascii_encode[65] = "0123456789abcdefghijklmnopqrstuvwxyzABCDEFGHIJKLMNOPQRSTUVWXYZ%&";
#else
char ascii_encode[65] = "+=23456789abcdefghijk*mnopqrstuvwxyzABCDEFGH#JKLMN$PQRSTUVWXYZ%&";
#endif
